4.03150E-02  -88.1719
4.06349E-02  -89.6807
4.09600E-02  -107.7415
4.12903E-02  -94.2177
4.16260E-02  -99.7427
4.19672E-02  -106.7234
4.23140E-02  -105.6323
4.26667E-02  -99.5163
4.30252E-02  -134.9371
4.33898E-02  -158.019
4.37607E-02  -140.793
4.41379E-02  -133.0714
4.45217E-02  -129.6978
4.49123E-02  -130.1068
4.53097E-02  -134.6162
4.57143E-02  -142.8367
4.61261E-02  -146.5819
4.65455E-02  -137.9352
4.69725E-02  -135.6525
4.74074E-02  -136.975
4.78505E-02  -152.6385
4.83019E-02  -139.3041
4.87619E-02  -138.8077
4.92308E-02  -152.2886
4.97087E-02  -135.673
5.01961E-02  -134.5349
5.06931E-02  -136.1589
5.12000E-02  -135.1454
5.17172E-02  -133.3065
5.22449E-02  -132.784
5.27835E-02  -140.9353
5.33333E-02  -139.0707
5.38947E-02  -139.779
5.44681E-02  -140.4469
5.50538E-02  -137.4812
5.56522E-02  -138.7043
5.62637E-02  -138.6601
5.68889E-02  -145.3341
5.75281E-02  -149.6561
5.81818E-02  -147.0622
5.88506E-02  -143.3072
5.95349E-02  -146.6477
6.02353E-02  -145.7969
6.09524E-02  -144.2233
6.16867E-02  -139.9647
6.24390E-02  -133.3338
6.32099E-02  -133.005
6.40000E-02  -142.1739
6.48101E-02  -149.5131
6.56410E-02  -133.0619
6.64935E-02  -125.6703
6.73684E-02  -131.8996
6.82667E-02  -134.9605
6.91892E-02  -131.584
7.01370E-02  -133.8183
7.11111E-02  -137.4888
7.21127E-02  -135.1687
7.31429E-02  -128.6321
7.42029E-02  -124.0239
7.52941E-02  -122.7582
7.64179E-02  -123.6315
7.75758E-02  -125.28
7.87692E-02  -125.6762
8.00000E-02  -125.377
8.12698E-02  -126.5314
8.25806E-02  -130.8343
8.39344E-02  -127.7669
8.53333E-02  -125.0916
8.67797E-02  -125.7955
8.82759E-02  -126.7051
8.98246E-02  -126.5011
9.14286E-02  -126.1419
9.30909E-02  -126.1432
9.48148E-02  -129.3121
9.66038E-02  -137.8649
9.84615E-02  -133.5574
1.00392E-01  -126.8276
1.02400E-01  -123.9275
1.04490E-01  -124.8061
1.06667E-01  -128.4223
1.08936E-01  -124.076
1.11304E-01  -122.6616
1.13778E-01  -123.5612
1.16364E-01  -123.8289
1.19070E-01  -125.4748
1.21905E-01  -126.8923
1.24878E-01  -121.1763
1.28000E-01  -114.4339
1.31282E-01  -111.2757
1.34737E-01  -110.0287
1.38378E-01  -108.86
1.42222E-01  -108.1695
1.46286E-01  -108.4551
1.50588E-01  -109.4461
1.55152E-01  -110.454
1.60000E-01  -111.7708
1.65161E-01  -114.1641
1.70667E-01  -118.5676
1.76552E-01  -126.6762
1.82857E-01  -123.412
1.89630E-01  -122.4042
1.96923E-01  -121.5838
2.04800E-01  -121.7075
2.13333E-01  -118.3865
2.22609E-01  -112.846
2.32727E-01  -111.296
2.43810E-01  -110.7229
2.56000E-01  -108.1561
2.69474E-01  -106.4671
2.84444E-01  -106.8654
3.01176E-01  -106.9351
3.20000E-01  -105.8522
3.41333E-01  -106.0038
3.65714E-01  -109.3601
3.93846E-01  -117.8975
4.26667E-01  -117.9547
4.65455E-01  -114.6585
5.12000E-01  -116.0097
5.68889E-01  -121.7269
6.40000E-01  -123.8587
7.31429E-01  -126.6235
8.53333E-01  -124.5303
1.02400E00  -123.7111
1.28000E00  -128.4407
1.70667E00  -133.8699
2.56000E00  -121.0773
5.12000E00  -119.0337
