4.00098E-02  -88.5622
4.00195E-02  -88.3241
4.00293E-02  -90.0013
4.00391E-02  -92.6814
4.00489E-02  -107.9214
4.00587E-02  -92.1649
4.00685E-02  -87.6985
4.00783E-02  -93.8467
4.00881E-02  -99.9917
4.00979E-02  -90.1899
4.01077E-02  -91.2166
4.01175E-02  -99.5029
4.01274E-02  -97.1919
4.01372E-02  -94.5613
4.0147E-02  -91.3496
4.01569E-02  -97.4881
4.01667E-02  -90.7937
4.01766E-02  -86.2532
4.01864E-02  -85.8348
4.01963E-02  -86.2892
4.02061E-02  -77.2531
4.0216E-02  -80.8655
4.02259E-02  -80.5827
4.02358E-02  -81.4756
4.02456E-02  -88.642
4.02555E-02  -99.2289
4.02654E-02  -106.4314
4.02753E-02  -91.3706
4.02852E-02  -90.5713
4.02951E-02  -96.7321
4.0305E-02  -89.3028
4.0315E-02  -86.5029
4.03249E-02  -88.2662
4.03348E-02  -98.5195
4.03447E-02  -110.6612
4.03547E-02  -96.6844
4.03646E-02  -92.7019
4.03746E-02  -90.4142
4.03845E-02  -96.4867
4.03945E-02  -101.736
4.04044E-02  -97.5415
4.04144E-02  -93.7783
4.04244E-02  -96.425
4.04344E-02  -96.5824
4.04443E-02  -90.6937
4.04543E-02  -94.9267
4.04643E-02  -101.471
4.04743E-02  -95.5171
4.04843E-02  -87.1779
4.04943E-02  -87.3257
4.05043E-02  -94.0163
4.05143E-02  -100.7961
4.05244E-02  -87.8822
4.05344E-02  -80.4438
4.05444E-02  -75.1342
4.05545E-02  -93.3831
4.05645E-02  -87.2312
4.05745E-02  -85.3992
4.05846E-02  -90.7432
4.05946E-02  -97.6675
4.06047E-02  -97.139
4.06148E-02  -110.0101
4.06248E-02  -90.6567
4.06349E-02  -88.9282
4.0645E-02  -90.8026
4.06551E-02  -95.3484
4.06652E-02  -97.6946
4.06753E-02  -96.3731
4.06854E-02  -98.2863
4.06955E-02  -95.4471
4.07056E-02  -91.8525
4.07157E-02  -93.7787
4.07258E-02  -97.2633
4.0736E-02  -96.5046
4.07461E-02  -95.7174
4.07562E-02  -93.6041
4.07664E-02  -94.3485
4.07765E-02  -96.1014
4.07867E-02  -97.9946
4.07968E-02  -95.1431
4.0807E-02  -96.6376
4.08171E-02  -96.2681
4.08273E-02  -87.1581
4.08375E-02  -89.0878
4.08477E-02  -89.9191
4.08579E-02  -84.3767
4.0868E-02  -78.822
4.08782E-02  -88.9041
4.08884E-02  -93.8868
4.08987E-02  -91.6744
4.09089E-02  -86.1807
4.09191E-02  -86.1093
4.09293E-02  -94.7992
4.09395E-02  -92.7409
4.09498E-02  -91.3678
4.096E-02  -96.8392
4.09702E-02  -103.9263
4.09805E-02  -107.8998
4.09907E-02  -94.1873
4.1001E-02  -101.5948
4.10113E-02  -101.3695
4.10215E-02  -100.4604
4.10318E-02  -98.5542
4.10421E-02  -96.4167
4.10524E-02  -99.2947
4.10627E-02  -96.0191
4.1073E-02  -103.1518
4.10832E-02  -94.4861
4.10936E-02  -97.7719
4.11039E-02  -94.1469
4.11142E-02  -94.3351
4.11245E-02  -95.1238
4.11348E-02  -100.8959
4.11452E-02  -101.1401
4.11555E-02  -95.572
4.11658E-02  -101.1649
4.11762E-02  -87.6586
4.11865E-02  -85.6875
4.11969E-02  -90.5529
4.12072E-02  -96.0326
4.12176E-02  -80.5509
4.1228E-02  -90.2501
4.12384E-02  -91.6316
4.12487E-02  -93.4831
4.12591E-02  -98.8734
4.12695E-02  -99.8168
4.12799E-02  -100.7687
4.12903E-02  -104.8993
4.13007E-02  -102.4699
4.13111E-02  -97.6419
4.13216E-02  -93.1447
4.1332E-02  -94.0063
4.13424E-02  -98.5495
4.13529E-02  -99.1435
4.13633E-02  -96.2446
4.13737E-02  -97.0628
4.13842E-02  -99.9947
4.13946E-02  -105.4917
4.14051E-02  -101.1675
4.14156E-02  -99.7739
4.1426E-02  -93.9224
4.14365E-02  -96.7136
4.1447E-02  -98.9536
4.14575E-02  -96.2744
4.1468E-02  -97.2713
4.14785E-02  -99.6537
4.1489E-02  -101.6603
4.14995E-02  -97.3068
4.151E-02  -98.2589
4.15205E-02  -94.7826
4.15311E-02  -89.5722
4.15416E-02  -89.2325
4.15521E-02  -65.6372
4.15627E-02  -83.8022
4.15732E-02  -86.4553
4.15838E-02  -91.5581
4.15943E-02  -95.1254
4.16049E-02  -99.2392
4.16154E-02  -101.0766
4.1626E-02  -106.3032
4.16366E-02  -101.5888
4.16472E-02  -98.2286
4.16578E-02  -109.2315
4.16684E-02  -98.0878
4.1679E-02  -109.7178
4.16896E-02  -107.2028
4.17002E-02  -106.3702
4.17108E-02  -98.5065
4.17214E-02  -105.1964
4.1732E-02  -118.7652
4.17427E-02  -108.6199
4.17533E-02  -105.0253
4.1764E-02  -111.5188
4.17746E-02  -101.4409
4.17853E-02  -97.6584
4.17959E-02  -99.7994
4.18066E-02  -106.9299
4.18173E-02  -106.2786
4.18279E-02  -111.6764
4.18386E-02  -102.7508
4.18493E-02  -99.0154
4.186E-02  -103.9715
4.18707E-02  -101.1108
4.18814E-02  -101.9747
4.18921E-02  -87.8301
4.19028E-02  -82.3644
4.19135E-02  -84.1765
4.19243E-02  -87.2011
4.1935E-02  -91.2562
4.19457E-02  -94.9359
4.19565E-02  -104.3262
4.19672E-02  -98.7007
4.1978E-02  -101.5004
4.19887E-02  -105.8631
4.19995E-02  -98.8421
4.20103E-02  -95.9817
4.2021E-02  -95.4845
4.20318E-02  -103.0087
4.20426E-02  -115.3235
4.20534E-02  -102.0464
4.20642E-02  -100.2824
4.2075E-02  -101.9226
4.20858E-02  -96.1487
4.20966E-02  -96.4823
4.21074E-02  -97.9437
4.21183E-02  -104.7682
4.21291E-02  -109.7406
4.21399E-02  -103.0294
4.21508E-02  -100.8372
4.21616E-02  -102.554
4.21725E-02  -94.1877
4.21833E-02  -93.5425
4.21942E-02  -97.7302
4.2205E-02  -91.7647
4.22159E-02  -91.8409
4.22268E-02  -97.0102
4.22377E-02  -104.6742
4.22486E-02  -83.5064
4.22595E-02  -92.8982
4.22704E-02  -102.9614
4.22813E-02  -101.8582
4.22922E-02  -97.2085
4.23031E-02  -94.0744
4.2314E-02  -95.1471
4.2325E-02  -100.1871
4.23359E-02  -101.5727
4.23469E-02  -98.1119
4.23578E-02  -103.1413
4.23688E-02  -107.0481
4.23797E-02  -109.3338
4.23907E-02  -98.3282
4.24017E-02  -100.4767
4.24126E-02  -100.1735
4.24236E-02  -100.3131
4.24346E-02  -105.686
4.24456E-02  -100.6718
4.24566E-02  -102.4065
4.24676E-02  -106.9346
4.24786E-02  -96.6392
4.24896E-02  -94.2539
4.25006E-02  -94.9309
4.25117E-02  -88.8499
4.25227E-02  -93.3755
4.25337E-02  -101.8625
4.25448E-02  -105.1149
4.25558E-02  -98.9556
4.25669E-02  -106.8286
4.2578E-02  -97.6806
4.2589E-02  -101.3458
4.26001E-02  -110.4261
4.26112E-02  -103.2445
4.26223E-02  -101.8669
4.26334E-02  -105.432
4.26445E-02  -98.5582
4.26556E-02  -88.8
4.26667E-02  -96.971
4.26778E-02  -97.4007
4.26889E-02  -103.4369
4.27E-02  -103.4279
4.27112E-02  -103.2246
4.27223E-02  -105.3328
4.27334E-02  -104.429
4.27446E-02  -104.096
4.27557E-02  -106.7756
4.27669E-02  -113.2716
4.27781E-02  -113.8602
4.27892E-02  -111.5661
4.28004E-02  -113.5364
4.28116E-02  -113.5244
4.28228E-02  -115.673
4.2834E-02  -115.4363
4.28452E-02  -115.0937
4.28564E-02  -115.652
4.28676E-02  -116.2031
4.28788E-02  -120.4379
4.28901E-02  -117.6483
4.29013E-02  -128.9691
4.29125E-02  -116.7846
4.29238E-02  -118.0277
4.2935E-02  -126.6103
4.29463E-02  -131.7971
4.29575E-02  -126.6506
4.29688E-02  -123.8068
4.29801E-02  -124.2194
4.29913E-02  -124.1665
4.30026E-02  -122.0206
4.30139E-02  -123.1776
4.30252E-02  -125.3821
4.30365E-02  -126.337
4.30478E-02  -124.208
4.30591E-02  -129.2424
4.30705E-02  -131.8797
4.30818E-02  -130.8409
4.30931E-02  -130.5642
4.31044E-02  -127.1681
4.31158E-02  -126.0288
4.31271E-02  -127.9042
4.31385E-02  -137.338
4.31499E-02  -133.2035
4.31612E-02  -138.8174
4.31726E-02  -136.0287
4.3184E-02  -131.4545
4.31954E-02  -132.3474
4.32068E-02  -131.9245
4.32181E-02  -143.1451
4.32296E-02  -139.5727
4.3241E-02  -145.2646
4.32524E-02  -128.6502
4.32638E-02  -129.132
4.32752E-02  -134.9587
4.32867E-02  -134.0935
4.32981E-02  -136.1414
4.33095E-02  -148.7671
4.3321E-02  -143.1248
4.33325E-02  -146.7186
4.33439E-02  -148.5501
4.33554E-02  -134.748
4.33669E-02  -136.124
4.33783E-02  -134.4941
4.33898E-02  -130.1729
4.34013E-02  -125.8313
4.34128E-02  -126.6897
4.34243E-02  -132.8815
4.34358E-02  -140.5228
4.34474E-02  -137.9897
4.34589E-02  -131.6628
4.34704E-02  -137.5068
4.3482E-02  -138.0492
4.34935E-02  -144.2015
4.3505E-02  -133.4474
4.35166E-02  -132.9351
4.35282E-02  -141.7218
4.35397E-02  -146.5722
4.35513E-02  -138.1505
4.35629E-02  -131.0983
4.35745E-02  -128.5673
4.35861E-02  -149.3867
4.35977E-02  -132.7578
4.36093E-02  -137.3283
4.36209E-02  -134.6658
4.36325E-02  -139.5344
4.36441E-02  -136.7199
4.36557E-02  -126.8416
4.36674E-02  -124.2604
4.3679E-02  -132.1204
4.36907E-02  -134.1074
4.37023E-02  -135.1738
4.3714E-02  -127.0606
4.37256E-02  -127.45
4.37373E-02  -133.4608
4.3749E-02  -135.242
4.37607E-02  -135.1364
4.37724E-02  -134.7832
4.37841E-02  -136.2048
4.37958E-02  -135.1919
4.38075E-02  -130.338
4.38192E-02  -129.0941
4.38309E-02  -125.5608
4.38427E-02  -127.3783
4.38544E-02  -124.115
4.38661E-02  -129.15
4.38779E-02  -125.4594
4.38896E-02  -123.2538
4.39014E-02  -123.1312
4.39132E-02  -128.2593
4.39249E-02  -135.87
4.39367E-02  -127.3778
4.39485E-02  -125.9108
4.39603E-02  -130.4163
4.39721E-02  -129.9195
4.39839E-02  -125.966
4.39957E-02  -126.9458
4.40075E-02  -122.7766
4.40193E-02  -125.8164
4.40312E-02  -123.8702
4.4043E-02  -123.7136
4.40549E-02  -129.3562
4.40667E-02  -128.1903
4.40786E-02  -133.0175
4.40904E-02  -131.5687
4.41023E-02  -128.3283
4.41142E-02  -131.906
4.4126E-02  -127.1471
4.41379E-02  -126.6127
4.41498E-02  -130.8174
4.41617E-02  -138.6274
4.41736E-02  -134.1415
4.41855E-02  -126.2823
4.41975E-02  -124.9383
4.42094E-02  -123.15
4.42213E-02  -123.3294
4.42333E-02  -122.693
4.42452E-02  -124.6513
4.42572E-02  -122.1457
4.42691E-02  -122.529
4.42811E-02  -129.3453
4.42931E-02  -132.7318
4.4305E-02  -128.4141
4.4317E-02  -124.7915
4.4329E-02  -121.7312
4.4341E-02  -122.121
4.4353E-02  -122.7786
4.4365E-02  -128.731
4.4377E-02  -127.7111
4.43891E-02  -126.5812
4.44011E-02  -120.5251
4.44131E-02  -119.4375
4.44252E-02  -120.4106
4.44372E-02  -125.6415
4.44493E-02  -129.5696
4.44613E-02  -129.5887
4.44734E-02  -126.0246
4.44855E-02  -123.952
4.44976E-02  -126.4109
4.45096E-02  -122.2399
4.45217E-02  -120.2127
4.45338E-02  -128.1164
4.45459E-02  -129.928
4.45581E-02  -122.334
4.45702E-02  -123.64
4.45823E-02  -127.0679
4.45944E-02  -122.1743
4.46066E-02  -125.1179
4.46187E-02  -130.2863
4.46309E-02  -125.7143
4.46431E-02  -127.2945
4.46552E-02  -124.6774
4.46674E-02  -121.4825
4.46796E-02  -124.1716
4.46918E-02  -129.9304
4.4704E-02  -125.7945
4.47162E-02  -135.4132
4.47284E-02  -121.3546
4.47406E-02  -118.3086
4.47528E-02  -118.5451
4.4765E-02  -122.5459
4.47773E-02  -135.4234
4.47895E-02  -126.2268
4.48018E-02  -120.2165
4.4814E-02  -122.6075
4.48263E-02  -125.9526
4.48385E-02  -130.4076
4.48508E-02  -135.2423
4.48631E-02  -121.7247
4.48754E-02  -121.7621
4.48877E-02  -120.8674
4.49E-02  -121.8475
4.49123E-02  -123.3119
4.49246E-02  -120.6135
4.49369E-02  -121.2498
4.49492E-02  -121.6583
4.49616E-02  -125.4339
4.49739E-02  -127.6869
4.49863E-02  -126.1579
4.49986E-02  -121.2191
4.5011E-02  -125.3364
4.50234E-02  -124.8058
4.50357E-02  -128.9182
4.50481E-02  -128.9012
4.50605E-02  -134.315
4.50729E-02  -127.9541
4.50853E-02  -120.2179
4.50977E-02  -120.2822
4.51101E-02  -127.4448
4.51226E-02  -127.8611
4.5135E-02  -127.77
4.51474E-02  -128.143
4.51599E-02  -121.6222
4.51723E-02  -124.1377
4.51848E-02  -143.4708
4.51972E-02  -124.9725
4.52097E-02  -129.0581
4.52222E-02  -126.2597
4.52347E-02  -126.0886
4.52472E-02  -121.7583
4.52597E-02  -121.7309
4.52722E-02  -128.0313
4.52847E-02  -124.4933
4.52972E-02  -122.7285
4.53097E-02  -119.8091
4.53223E-02  -127.8345
4.53348E-02  -136.9005
4.53474E-02  -134.4204
4.53599E-02  -137.1511
4.53725E-02  -133.9504
4.5385E-02  -133.2137
4.53976E-02  -125.7191
4.54102E-02  -127.1197
4.54228E-02  -127.9589
4.54354E-02  -124.0846
4.5448E-02  -120.5249
4.54606E-02  -122.9956
4.54732E-02  -123.6118
4.54858E-02  -128.8292
4.54985E-02  -135.3384
4.55111E-02  -130.7418
4.55238E-02  -121.7094
4.55364E-02  -122.3998
4.55491E-02  -137.8552
4.55617E-02  -129.5328
4.55744E-02  -129.8032
4.55871E-02  -122.0792
4.55998E-02  -126.9621
4.56125E-02  -125.8616
4.56252E-02  -128.173
4.56379E-02  -129.0313
4.56506E-02  -139.4165
4.56633E-02  -131.912
4.56761E-02  -121.5235
4.56888E-02  -120.3826
4.57015E-02  -119.8662
4.57143E-02  -119.2839
4.5727E-02  -124.194
4.57398E-02  -131.6673
4.57526E-02  -127.4556
4.57654E-02  -134.5526
4.57782E-02  -121.9607
4.57909E-02  -120.6549
4.58037E-02  -123.8758
4.58166E-02  -125.5062
4.58294E-02  -122.0008
4.58422E-02  -129.5876
4.5855E-02  -133.1401
4.58679E-02  -131.1322
4.58807E-02  -132.6265
4.58936E-02  -130.5666
4.59064E-02  -133.7206
4.59193E-02  -127.829
4.59322E-02  -126.5618
4.5945E-02  -120.9029
4.59579E-02  -125.2758
4.59708E-02  -127.1932
4.59837E-02  -131.6044
4.59966E-02  -121.8537
4.60095E-02  -125.9953
4.60225E-02  -131.9057
4.60354E-02  -130.4312
4.60483E-02  -129.1051
4.60613E-02  -141.7451
4.60742E-02  -127.6748
4.60872E-02  -127.7207
4.61002E-02  -130.405
4.61131E-02  -134.2197
4.61261E-02  -131.6751
4.61391E-02  -126.5259
4.61521E-02  -132.0748
4.61651E-02  -129.69
4.61781E-02  -124.5309
4.61911E-02  -146.1006
4.62042E-02  -125.6877
4.62172E-02  -127.5986
4.62302E-02  -132.3179
4.62433E-02  -127.9635
4.62564E-02  -125.2009
4.62694E-02  -122.5992
4.62825E-02  -126.4013
4.62956E-02  -125.8949
4.63086E-02  -153.4715
4.63217E-02  -125.17
4.63348E-02  -124.0788
4.63479E-02  -135.3673
4.63611E-02  -133.5435
4.63742E-02  -131.6713
4.63873E-02  -127.5785
4.64005E-02  -134.5868
4.64136E-02  -129.9002
4.64267E-02  -125.7628
4.64399E-02  -134.0089
4.64531E-02  -133.0754
4.64663E-02  -146.7611
4.64794E-02  -135.0041
4.64926E-02  -132.8872
4.65058E-02  -130.1612
4.6519E-02  -129.2333
4.65322E-02  -134.7782
4.65455E-02  -123.4348
4.65587E-02  -126.5697
4.65719E-02  -133.5108
4.65852E-02  -122.9658
4.65984E-02  -120.0284
4.66117E-02  -126.6704
4.66249E-02  -119.2976
4.66382E-02  -125.128
4.66515E-02  -129.5012
4.66648E-02  -122.0027
4.66781E-02  -120.2666
4.66914E-02  -121.992
4.67047E-02  -131.6382
4.6718E-02  -130.1048
4.67313E-02  -130.4202
4.67447E-02  -123.5496
4.6758E-02  -122.6739
4.67713E-02  -130.4013
4.67847E-02  -126.385
4.67981E-02  -126.9998
4.68114E-02  -128.6996
4.68248E-02  -124.4579
4.68382E-02  -125.3605
4.68516E-02  -129.8286
4.6865E-02  -123.8848
4.68784E-02  -121.9139
4.68918E-02  -119.1321
4.69052E-02  -120.0891
4.69187E-02  -120.1369
4.69321E-02  -120.7599
4.69456E-02  -134.5999
4.6959E-02  -128.7372
4.69725E-02  -125.642
4.69859E-02  -127.6343
4.69994E-02  -123.8721
4.70129E-02  -125.083
4.70264E-02  -129.1659
4.70399E-02  -135.4996
4.70534E-02  -129.1668
4.70669E-02  -126.0862
4.70805E-02  -127.5424
4.7094E-02  -126.1317
4.71075E-02  -123.9622
4.71211E-02  -128.3395
4.71346E-02  -124.4238
4.71482E-02  -130.5362
4.71618E-02  -131.5313
4.71754E-02  -125.8699
4.71889E-02  -121.5169
4.72025E-02  -130.5963
4.72161E-02  -125.1473
4.72297E-02  -126.6333
4.72434E-02  -132.2629
4.7257E-02  -136.5958
4.72706E-02  -131.7739
4.72843E-02  -127.0543
4.72979E-02  -126.4187
4.73116E-02  -126.6412
4.73252E-02  -129.6595
4.73389E-02  -129.2527
4.73526E-02  -120.7608
4.73663E-02  -122.6482
4.738E-02  -122.8576
4.73937E-02  -120.6797
4.74074E-02  -125.5869
4.74211E-02  -123.8249
4.74349E-02  -124.3842
4.74486E-02  -139.5938
4.74623E-02  -134.4324
4.74761E-02  -122.4393
4.74899E-02  -121.4776
4.75036E-02  -127.7931
4.75174E-02  -128.9058
4.75312E-02  -135.4802
4.7545E-02  -125.5021
4.75588E-02  -121.7094
4.75726E-02  -124.0281
4.75864E-02  -126.52
4.76002E-02  -136.381
4.76141E-02  -138.1945
4.76279E-02  -142.0292
4.76418E-02  -127.825
4.76556E-02  -126.7041
4.76695E-02  -131.442
4.76834E-02  -135.9891
4.76972E-02  -138.8497
4.77111E-02  -128.5714
4.7725E-02  -125.6835
4.77389E-02  -127.212
4.77528E-02  -129.157
4.77668E-02  -132.2843
4.77807E-02  -126.4186
4.77946E-02  -122.3649
4.78086E-02  -126.8464
4.78225E-02  -134.3527
4.78365E-02  -130.6232
4.78505E-02  -122.6848
4.78644E-02  -125.0448
4.78784E-02  -122.2906
4.78924E-02  -123.8238
4.79064E-02  -129.8306
4.79204E-02  -139.3562
4.79345E-02  -133.2929
4.79485E-02  -136.0233
4.79625E-02  -131.3277
4.79766E-02  -120.3732
4.79906E-02  -120.9962
4.80047E-02  -127.8211
4.80188E-02  -130.7361
4.80328E-02  -130.6831
4.80469E-02  -125.4291
4.8061E-02  -122.285
4.80751E-02  -122.2395
4.80892E-02  -125.6412
4.81033E-02  -131.515
4.81175E-02  -127.551
4.81316E-02  -125.9409
4.81458E-02  -125.36
4.81599E-02  -128.5801
4.81741E-02  -133.0691
4.81882E-02  -124.4572
4.82024E-02  -122.1345
4.82166E-02  -122.7789
4.82308E-02  -133.3509
4.8245E-02  -129.3056
4.82592E-02  -132.0133
4.82734E-02  -126.3326
4.82877E-02  -124.5602
4.83019E-02  -120.5416
4.83161E-02  -119.1994
4.83304E-02  -125.3754
4.83446E-02  -140.1222
4.83589E-02  -127.8281
4.83732E-02  -124.4706
4.83875E-02  -126.8413
4.84018E-02  -132.1462
4.84161E-02  -124.6905
4.84304E-02  -125.6545
4.84447E-02  -125.7095
4.8459E-02  -123.0477
4.84734E-02  -123.9816
4.84877E-02  -135.9136
4.85021E-02  -122.2766
4.85164E-02  -120.1014
4.85308E-02  -124.6668
4.85452E-02  -131.0256
4.85596E-02  -130.6728
4.8574E-02  -127.6369
4.85884E-02  -125.8748
4.86028E-02  -131.0554
4.86172E-02  -130.0243
4.86316E-02  -124.1299
4.86461E-02  -123.4416
4.86605E-02  -133.4362
4.8675E-02  -125.8156
4.86895E-02  -120.907
4.87039E-02  -126.0496
4.87184E-02  -135.0951
4.87329E-02  -128.099
4.87474E-02  -128.5029
4.87619E-02  -134.4827
4.87764E-02  -128.5866
4.87909E-02  -134.3047
4.88055E-02  -126.1624
4.882E-02  -126.2234
4.88346E-02  -126.0594
4.88491E-02  -137.869
4.88637E-02  -129.4641
4.88783E-02  -128.9254
4.88929E-02  -134.2378
4.89075E-02  -123.8343
4.89221E-02  -121.2364
4.89367E-02  -121.3349
4.89513E-02  -122.9719
4.89659E-02  -133.2272
4.89806E-02  -132.8864
4.89952E-02  -129.5018
4.90099E-02  -130.1527
4.90245E-02  -131.0529
4.90392E-02  -132.5156
4.90539E-02  -136.175
4.90686E-02  -133.1558
4.90833E-02  -122.0877
4.9098E-02  -120.8915
4.91127E-02  -123.6231
4.91274E-02  -120.5413
4.91422E-02  -145.1539
4.91569E-02  -124.7011
4.91717E-02  -131.4644
4.91864E-02  -124.5568
4.92012E-02  -129.9616
4.9216E-02  -124.7516
4.92308E-02  -127.4947
4.92456E-02  -133.0473
4.92604E-02  -121.8926
4.92752E-02  -122.241
4.929E-02  -135.4237
4.93048E-02  -134.8761
4.93197E-02  -127.1129
4.93345E-02  -127.1814
4.93494E-02  -127.298
4.93643E-02  -129.0534
4.93791E-02  -139.9679
4.9394E-02  -125.5838
4.94089E-02  -127.2202
4.94238E-02  -141.8985
4.94387E-02  -132.7362
4.94537E-02  -124.2618
4.94686E-02  -127.1885
4.94835E-02  -132.1304
4.94985E-02  -128.1985
4.95134E-02  -131.852
4.95284E-02  -122.0198
4.95434E-02  -119.2088
4.95584E-02  -119.1544
4.95734E-02  -121.4781
4.95884E-02  -124.2381
4.96034E-02  -126.3709
4.96184E-02  -126.5526
4.96334E-02  -122.6378
4.96485E-02  -125.5945
4.96635E-02  -129.6818
4.96786E-02  -132.5965
4.96937E-02  -126.8636
4.97087E-02  -126.7836
4.97238E-02  -129.2716
4.97389E-02  -122.189
4.9754E-02  -126.2994
4.97691E-02  -129.8619
4.97843E-02  -130.2161
4.97994E-02  -125.9719
4.98145E-02  -124.6666
4.98297E-02  -124.8666
4.98448E-02  -129.9931
4.986E-02  -129.936
4.98752E-02  -135.1366
4.98904E-02  -129.2571
4.99056E-02  -135.1478
4.99208E-02  -135.3572
4.9936E-02  -127.0278
4.99512E-02  -122.063
4.99665E-02  -126.4898
4.99817E-02  -137.0248
4.99969E-02  -126.7063
5.00122E-02  -123.62
5.00275E-02  -130.065
5.00428E-02  -134.5705
5.00581E-02  -129.5521
5.00733E-02  -131.2807
5.00887E-02  -135.3798
5.0104E-02  -132.4453
5.01193E-02  -125.1658
5.01346E-02  -121.3324
5.015E-02  -121.3676
5.01653E-02  -121.7697
5.01807E-02  -122.9679
5.01961E-02  -129.3204
5.02115E-02  -137.1486
5.02269E-02  -130.6879
5.02423E-02  -136.5244
5.02577E-02  -129.0482
5.02731E-02  -128.3303
5.02885E-02  -132.8759
5.0304E-02  -122.2601
5.03194E-02  -120.4011
5.03349E-02  -130.7979
5.03503E-02  -127.6776
5.03658E-02  -128.7799
5.03813E-02  -123.3452
5.03968E-02  -128.0288
5.04123E-02  -124.6824
5.04278E-02  -124.3099
5.04433E-02  -141.0214
5.04589E-02  -128.2819
5.04744E-02  -125.6459
5.049E-02  -127.2176
5.05055E-02  -121.8276
5.05211E-02  -127.1949
5.05367E-02  -127.0175
5.05523E-02  -146.7341
5.05679E-02  -126.447
5.05835E-02  -123.8771
5.05991E-02  -123.5352
5.06148E-02  -123.592
5.06304E-02  -126.1233
5.06461E-02  -126.2652
5.06617E-02  -130.3244
5.06774E-02  -129.6078
5.06931E-02  -139.3832
5.07088E-02  -132.3498
5.07245E-02  -123.4087
5.07402E-02  -122.7159
5.07559E-02  -129.8454
5.07716E-02  -134.1883
5.07874E-02  -129.8559
5.08031E-02  -128.8524
5.08189E-02  -127.3489
5.08346E-02  -127.3545
5.08504E-02  -132.2062
5.08662E-02  -140.0039
5.0882E-02  -122.7265
5.08978E-02  -122.9011
5.09136E-02  -128.3984
5.09294E-02  -127.1488
5.09453E-02  -130.8582
5.09611E-02  -132.2653
5.0977E-02  -144.9488
5.09928E-02  -133.2277
5.10087E-02  -129.2279
5.10246E-02  -123.9161
5.10405E-02  -122.6525
5.10564E-02  -126.849
5.10723E-02  -125.857
5.10882E-02  -127.1978
5.11042E-02  -126.6586
5.11201E-02  -126.6634
5.11361E-02  -134.9255
5.1152E-02  -125.3286
5.1168E-02  -125.5394
5.1184E-02  -131.9441
5.12E-02  -128.7389
5.1216E-02  -137.7241
5.1232E-02  -136.1999
5.1248E-02  -132.1256
5.12641E-02  -127.4194
5.12801E-02  -122.9836
5.12962E-02  -122.307
5.13122E-02  -139.7184
5.13283E-02  -135.9638
5.13444E-02  -125.0297
5.13605E-02  -127.1621
5.13766E-02  -131.1418
5.13927E-02  -123.9627
5.14088E-02  -128.8376
5.1425E-02  -129.4301
5.14411E-02  -125.6822
5.14573E-02  -131.1573
5.14735E-02  -129.3922
5.14896E-02  -140.2018
5.15058E-02  -129.7851
5.1522E-02  -132.8657
5.15382E-02  -126.6852
5.15544E-02  -125.6835
5.15707E-02  -139.2469
5.15869E-02  -123.0424
5.16031E-02  -128.1424
5.16194E-02  -137.4118
5.16357E-02  -131.9328
5.1652E-02  -136.5993
5.16682E-02  -134.1789
5.16845E-02  -126.7283
5.17009E-02  -128.2637
5.17172E-02  -139.3441
5.17335E-02  -133.9527
5.17498E-02  -129.6614
5.17662E-02  -125.8414
5.17826E-02  -132.6666
5.17989E-02  -130.0381
5.18153E-02  -126.9437
5.18317E-02  -130.3425
5.18481E-02  -136.5424
5.18645E-02  -125.4346
5.18809E-02  -126.5351
5.18974E-02  -133.6608
5.19138E-02  -127.3892
5.19303E-02  -140.1235
5.19467E-02  -130.8096
5.19632E-02  -130.255
5.19797E-02  -129.7456
5.19962E-02  -148.8133
5.20127E-02  -133.3572
5.20292E-02  -127.5556
5.20457E-02  -138.3186
5.20623E-02  -128.0724
5.20788E-02  -132.4763
5.20954E-02  -127.6367
5.2112E-02  -137.385
5.21285E-02  -136.2941
5.21451E-02  -123.7787
5.21617E-02  -120.631
5.21783E-02  -121.7353
5.2195E-02  -131.1442
5.22116E-02  -128.921
5.22282E-02  -126.0263
5.22449E-02  -126.8157
5.22616E-02  -130.2338
5.22782E-02  -129.9428
5.22949E-02  -133.3093
5.23116E-02  -130.4597
5.23283E-02  -126.5714
5.2345E-02  -127.7359
5.23618E-02  -123.5437
5.23785E-02  -129.8211
5.23953E-02  -135.3463
5.2412E-02  -140.3722
5.24288E-02  -129.9841
5.24456E-02  -122.7992
5.24624E-02  -122.05
5.24792E-02  -133.5673
5.2496E-02  -126.4382
5.25128E-02  -126.9455
5.25297E-02  -127.3341
5.25465E-02  -137.0229
5.25634E-02  -131.1755
5.25802E-02  -126.8357
5.25971E-02  -123.9514
5.2614E-02  -124.8637
5.26309E-02  -131.6241
5.26478E-02  -140.2563
5.26647E-02  -130.8567
5.26817E-02  -123.6884
5.26986E-02  -123.0351
5.27156E-02  -126.2352
5.27325E-02  -126.6516
5.27495E-02  -127.6982
5.27665E-02  -131.1594
5.27835E-02  -129.1235
5.28005E-02  -130.2201
5.28175E-02  -132.346
5.28346E-02  -127.9234
5.28516E-02  -127.3318
5.28687E-02  -126.9825
5.28857E-02  -126.8485
5.29028E-02  -125.5889
5.29199E-02  -131.2214
5.2937E-02  -133.628
5.29541E-02  -133.1071
5.29712E-02  -129.5079
5.29884E-02  -127.1383
5.30055E-02  -138.1879
5.30227E-02  -141.7175
5.30398E-02  -123.6857
5.3057E-02  -122.4654
5.30742E-02  -124.0934
5.30914E-02  -125.359
5.31086E-02  -138.1931
5.31258E-02  -134.0687
5.3143E-02  -131.8133
5.31603E-02  -132.8662
5.31775E-02  -129.5665
5.31948E-02  -121.147
5.32121E-02  -120.1811
5.32294E-02  -128.1579
5.32467E-02  -126.1461
5.3264E-02  -124.8646
5.32813E-02  -135.3939
5.32986E-02  -131.553
5.3316E-02  -127.3021
5.33333E-02  -125.7599
5.33507E-02  -130.5784
5.33681E-02  -138.2613
5.33855E-02  -130.3297
5.34029E-02  -129.9213
5.34203E-02  -130.5062
5.34377E-02  -128.5692
5.34551E-02  -127.8027
5.34726E-02  -125.8604
5.349E-02  -130.8227
5.35075E-02  -127.4772
5.3525E-02  -125.3987
5.35425E-02  -131.8101
5.356E-02  -127.6067
5.35775E-02  -125.7947
5.3595E-02  -123.2717
5.36126E-02  -123.6627
5.36301E-02  -130.5079
5.36477E-02  -143.4243
5.36652E-02  -128.4409
5.36828E-02  -126.7531
5.37004E-02  -130.2835
5.3718E-02  -126.2419
5.37357E-02  -124.039
5.37533E-02  -126.3233
5.37709E-02  -129.8004
5.37886E-02  -125.0355
5.38062E-02  -126.3704
5.38239E-02  -128.5424
5.38416E-02  -128.2891
5.38593E-02  -127.3836
5.3877E-02  -132.884
5.38947E-02  -128.3069
5.39125E-02  -129.3989
5.39302E-02  -128.1037
5.3948E-02  -128.8795
5.39657E-02  -127.5827
5.39835E-02  -129.8448
5.40013E-02  -130.4608
5.40191E-02  -129.4143
5.40369E-02  -125.3212
5.40548E-02  -126.9049
5.40726E-02  -132.9955
5.40905E-02  -130.8228
5.41083E-02  -127.4833
5.41262E-02  -126.4229
5.41441E-02  -133.0394
5.4162E-02  -128.2312
5.41799E-02  -123.9598
5.41978E-02  -130.2109
5.42158E-02  -130.8738
5.42337E-02  -132.5785
5.42517E-02  -129.1272
5.42696E-02  -123.9966
5.42876E-02  -133.0001
5.43056E-02  -141.929
5.43236E-02  -130.7592
5.43416E-02  -131.9738
5.43597E-02  -128.2957
5.43777E-02  -130.624
5.43958E-02  -129.7109
5.44138E-02  -132.115
5.44319E-02  -125.5318
5.445E-02  -129.0579
5.44681E-02  -138.0964
5.44862E-02  -125.9563
5.45043E-02  -123.4537
5.45225E-02  -135.2106
5.45406E-02  -124.2778
5.45588E-02  -131.2685
5.45769E-02  -125.2752
5.45951E-02  -127.3904
5.46133E-02  -137.8433
5.46315E-02  -133.6137
5.46498E-02  -135.3396
5.4668E-02  -128.2501
5.46862E-02  -131.4505
5.47045E-02  -136.4145
5.47228E-02  -122.6226
5.47411E-02  -121.6253
5.47594E-02  -130.2128
5.47777E-02  -124.6705
5.4796E-02  -123.3186
5.48143E-02  -127.3449
5.48327E-02  -134.7431
5.4851E-02  -128.8492
5.48694E-02  -125.4379
5.48878E-02  -128.8169
5.49062E-02  -128.9978
5.49246E-02  -124.2012
5.4943E-02  -123.2702
5.49614E-02  -123.7638
5.49799E-02  -131.413
5.49983E-02  -145.3582
5.50168E-02  -143.834
5.50353E-02  -133.7826
5.50538E-02  -125.0535
5.50723E-02  -125.6058
5.50908E-02  -125.8058
5.51093E-02  -126.9636
5.51279E-02  -136.1363
5.51464E-02  -135.2063
5.5165E-02  -127.9346
5.51836E-02  -131.9368
5.52022E-02  -125.3714
5.52208E-02  -130.453
5.52394E-02  -130.5619
5.5258E-02  -124.1512
5.52767E-02  -125.2563
5.52953E-02  -125.8529
5.5314E-02  -126.6254
5.53327E-02  -124.752
5.53514E-02  -124.8877
5.53701E-02  -129.7793
5.53888E-02  -123.3556
5.54075E-02  -125.5006
5.54263E-02  -126.9685
5.5445E-02  -125.2504
5.54638E-02  -131.6347
5.54826E-02  -124.514
5.55014E-02  -124.1734
5.55202E-02  -122.8135
5.5539E-02  -124.2538
5.55578E-02  -140.9833
5.55767E-02  -125.4586
5.55955E-02  -125.5928
5.56144E-02  -125.6838
5.56333E-02  -122.7205
5.56522E-02  -121.6986
5.56711E-02  -123.4976
5.569E-02  -129.1422
5.57089E-02  -135.5094
5.57279E-02  -126.4843
5.57469E-02  -125.962
5.57658E-02  -124.26
5.57848E-02  -128.2136
5.58038E-02  -133.3719
5.58228E-02  -145.249
5.58419E-02  -130.4545
5.58609E-02  -123.6993
5.58799E-02  -123.0203
5.5899E-02  -128.5415
5.59181E-02  -127.4714
5.59372E-02  -133.768
5.59563E-02  -128.7939
5.59754E-02  -132.624
5.59945E-02  -140.0381
5.60137E-02  -133.8932
5.60328E-02  -145.8781
5.6052E-02  -126.8051
5.60712E-02  -122.5183
5.60904E-02  -124.3094
5.61096E-02  -122.2547
5.61288E-02  -125.6113
5.6148E-02  -129.4179
5.61673E-02  -128.98
5.61866E-02  -131.6994
5.62058E-02  -129.0282
5.62251E-02  -127.6209
5.62444E-02  -131.3571
5.62637E-02  -137.9767
5.62831E-02  -127.0257
5.63024E-02  -124.1889
5.63218E-02  -125.1147
5.63411E-02  -126.8505
5.63605E-02  -129.446
5.63799E-02  -129.6508
5.63993E-02  -131.9406
5.64187E-02  -137.3133
5.64382E-02  -128.0597
5.64576E-02  -122.9842
5.64771E-02  -122.6006
5.64966E-02  -133.6965
5.6516E-02  -127.7604
5.65355E-02  -124.784
5.65551E-02  -133.9009
5.65746E-02  -151.3908
5.65941E-02  -132.1778
5.66137E-02  -127.0417
5.66333E-02  -133.5276
5.66528E-02  -133.0931
5.66724E-02  -133.2433
5.6692E-02  -128.115
5.67117E-02  -125.7162
5.67313E-02  -129.658
5.6751E-02  -135.6382
5.67706E-02  -134.6632
5.67903E-02  -129.8731
5.681E-02  -131.5328
5.68297E-02  -132.1926
5.68494E-02  -125.9418
5.68691E-02  -123.3718
5.68889E-02  -122.6319
5.69086E-02  -122.7364
5.69284E-02  -130.2071
5.69482E-02  -136.5192
5.6968E-02  -129.626
5.69878E-02  -123.9475
5.70077E-02  -127.5683
5.70275E-02  -135.1989
5.70474E-02  -128.1047
5.70672E-02  -131.5911
5.70871E-02  -127.6736
5.7107E-02  -125.6877
5.71269E-02  -136.5089
5.71468E-02  -128.9743
5.71668E-02  -128.3559
5.71867E-02  -131.4993
5.72067E-02  -146.2625
5.72267E-02  -134.6779
5.72467E-02  -127.5148
5.72667E-02  -123.8348
5.72867E-02  -128.1619
5.73068E-02  -128.5371
5.73268E-02  -125.8985
5.73469E-02  -124.1798
5.73669E-02  -126.1647
5.7387E-02  -128.9417
5.74071E-02  -124.5795
5.74273E-02  -128.4985
5.74474E-02  -130.4439
5.74676E-02  -128.0365
5.74877E-02  -131.0957
5.75079E-02  -130.9485
5.75281E-02  -141.0136
5.75483E-02  -128.2968
5.75685E-02  -131.5601
5.75888E-02  -144.6653
5.7609E-02  -133.0961
5.76293E-02  -124.3608
5.76495E-02  -120.3671
5.76698E-02  -122.5178
5.76901E-02  -137.9494
5.77105E-02  -130.3291
5.77308E-02  -128.1545
5.77511E-02  -132.4437
5.77715E-02  -129.0783
5.77919E-02  -130.6552
5.78123E-02  -129.4517
5.78327E-02  -124.9272
5.78531E-02  -127.0193
5.78735E-02  -129.9802
5.7894E-02  -126.8936
5.79145E-02  -123.1677
5.79349E-02  -126.2014
5.79554E-02  -134.5031
5.79759E-02  -134.3308
5.79965E-02  -135.1205
5.8017E-02  -132.9692
5.80375E-02  -132.6407
5.80581E-02  -128.5497
5.80787E-02  -135.6408
5.80993E-02  -127.069
5.81199E-02  -128.0924
5.81405E-02  -128.1235
5.81612E-02  -126.1484
5.81818E-02  -138.8209
5.82025E-02  -127.143
5.82232E-02  -135.7758
5.82439E-02  -137.3902
5.82646E-02  -124.0751
5.82853E-02  -123.9918
5.8306E-02  -124.2118
5.83268E-02  -122.6703
5.83476E-02  -130.002
5.83684E-02  -128.3003
5.83892E-02  -130.3655
5.841E-02  -129.3358
5.84308E-02  -133.6983
5.84517E-02  -132.2583
5.84725E-02  -134.9544
5.84934E-02  -129.031
5.85143E-02  -126.6495
5.85352E-02  -122.6169
5.85561E-02  -124.7116
5.8577E-02  -126.4741
5.8598E-02  -130.6588
5.8619E-02  -131.7538
5.86399E-02  -126.9157
5.86609E-02  -130.7506
5.86819E-02  -124.5216
5.8703E-02  -127.6508
5.8724E-02  -138.4592
5.87451E-02  -135.7853
5.87661E-02  -134.0242
5.87872E-02  -133.2685
5.88083E-02  -129.1182
5.88294E-02  -135.2068
5.88506E-02  -127.5426
5.88717E-02  -128.8898
5.88929E-02  -127.755
5.89141E-02  -124.6322
5.89353E-02  -129.4135
5.89565E-02  -129.8636
5.89777E-02  -126.5549
5.89989E-02  -130.3585
5.90202E-02  -134.1899
5.90414E-02  -136.0381
5.90627E-02  -142.3357
5.9084E-02  -128.5634
5.91053E-02  -126.1358
5.91267E-02  -137.7678
5.9148E-02  -133.3058
5.91694E-02  -130.8441
5.91908E-02  -131.7377
5.92121E-02  -126.9629
5.92336E-02  -126.8198
5.9255E-02  -140.5605
5.92764E-02  -133.0404
5.92979E-02  -129.6158
5.93193E-02  -128.3006
5.93408E-02  -129.2471
5.93623E-02  -129.1379
5.93838E-02  -129.7778
5.94054E-02  -139.9761
5.94269E-02  -140.0823
5.94485E-02  -131.6352
5.94701E-02  -124.3521
5.94916E-02  -123.3508
5.95133E-02  -125.6299
5.95349E-02  -127.635
5.95565E-02  -125.0623
5.95782E-02  -122.6921
5.95999E-02  -126.0262
5.96215E-02  -130.451
5.96432E-02  -131.7333
5.9665E-02  -127.7444
5.96867E-02  -126.8274
5.97085E-02  -124.2172
5.97302E-02  -131.7596
5.9752E-02  -129.3813
5.97738E-02  -129.2103
5.97956E-02  -135.3659
5.98175E-02  -131.8226
5.98393E-02  -128.3837
5.98612E-02  -137.0557
5.9883E-02  -136.8698
5.99049E-02  -132.7395
5.99268E-02  -131.9086
5.99488E-02  -139.076
5.99707E-02  -127.8174
5.99927E-02  -127.7595
6.00147E-02  -140.9716
6.00366E-02  -134.0387
6.00587E-02  -136.2031
6.00807E-02  -145.8047
6.01027E-02  -134.6543
6.01248E-02  -136.0746
6.01468E-02  -125.3949
6.01689E-02  -128.463
6.0191E-02  -132.2889
6.02132E-02  -129.7129
6.02353E-02  -126.6179
6.02574E-02  -125.8994
6.02796E-02  -126.6429
6.03018E-02  -135.7987
6.0324E-02  -131.9271
6.03462E-02  -136.3543
6.03685E-02  -129.2407
6.03907E-02  -142.735
6.0413E-02  -132.5569
6.04353E-02  -133.8523
6.04576E-02  -132.4071
6.04799E-02  -130.4643
6.05022E-02  -133.2696
6.05246E-02  -127.0083
6.05469E-02  -128.54
6.05693E-02  -126.5734
6.05917E-02  -124.8119
6.06141E-02  -129.882
6.06366E-02  -136.3701
6.0659E-02  -127.3444
6.06815E-02  -126.5012
6.0704E-02  -133.8608
6.07265E-02  -136.9607
6.0749E-02  -130.2233
6.07715E-02  -130.4937
6.07941E-02  -129.6383
6.08166E-02  -126.7804
6.08392E-02  -131.9214
6.08618E-02  -133.1746
6.08844E-02  -136.6187
6.09071E-02  -134.3225
6.09297E-02  -131.1118
6.09524E-02  -128.2465
6.09751E-02  -127.1663
6.09978E-02  -128.2037
6.10205E-02  -130.2668
6.10432E-02  -138.8249
6.1066E-02  -129.0111
6.10887E-02  -128.2941
6.11115E-02  -127.9437
6.11343E-02  -132.1709
6.11571E-02  -140.8508
6.118E-02  -129.0321
6.12028E-02  -131.2429
6.12257E-02  -130.5749
6.12486E-02  -141.8458
6.12715E-02  -131.9842
6.12944E-02  -128.777
6.13174E-02  -160.9603
6.13403E-02  -127.1618
6.13633E-02  -129.5884
6.13863E-02  -134.073
6.14093E-02  -128.0006
6.14323E-02  -131.7718
6.14554E-02  -135.6006
6.14784E-02  -127.8543
6.15015E-02  -132.7562
6.15246E-02  -135.9351
6.15477E-02  -133.1208
6.15708E-02  -130.8514
6.1594E-02  -131.1126
6.16171E-02  -131.1859
6.16403E-02  -133.6904
6.16635E-02  -126.3755
6.16867E-02  -129.2606
6.171E-02  -133.928
6.17332E-02  -130.9281
6.17565E-02  -130.1089
6.17798E-02  -134.5056
6.18031E-02  -128.1321
6.18264E-02  -125.3647
6.18498E-02  -126.9786
6.18731E-02  -130
6.18965E-02  -138.0633
6.19199E-02  -140.2943
6.19433E-02  -139.6047
6.19667E-02  -134.0258
6.19902E-02  -129.1634
6.20136E-02  -129.4295
6.20371E-02  -125.3457
6.20606E-02  -126.1516
6.20841E-02  -127.8257
6.21077E-02  -128.2464
6.21312E-02  -153.4921
6.21548E-02  -137.5017
6.21784E-02  -131.6268
6.2202E-02  -128.7623
6.22256E-02  -126.8518
6.22492E-02  -126.9687
6.22729E-02  -134.1316
6.22966E-02  -134.0229
6.23203E-02  -131.9382
6.2344E-02  -150.2487
6.23677E-02  -133.4734
6.23915E-02  -131.1766
6.24152E-02  -129.1727
6.2439E-02  -152.2367
6.24628E-02  -129.2788
6.24867E-02  -127.9593
6.25105E-02  -124.6121
6.25344E-02  -127.6438
6.25582E-02  -136.8963
6.25821E-02  -130.3421
6.2606E-02  -147.5798
6.263E-02  -131.7122
6.26539E-02  -128.7845
6.26779E-02  -129.5315
6.27019E-02  -138.3298
6.27259E-02  -128.4636
6.27499E-02  -125.4698
6.27739E-02  -133.5323
6.2798E-02  -138.7275
6.28221E-02  -136.6753
6.28462E-02  -130.1215
6.28703E-02  -130.1557
6.28944E-02  -130.1694
6.29186E-02  -128.8732
6.29428E-02  -126.3868
6.29669E-02  -126.2911
6.29912E-02  -129.9186
6.30154E-02  -141.451
6.30396E-02  -135.7602
6.30639E-02  -140.4237
6.30882E-02  -144.3534
6.31125E-02  -143.7255
6.31368E-02  -138.1851
6.31611E-02  -131.6669
6.31855E-02  -131.0282
6.32099E-02  -128.5026
6.32343E-02  -143.187
6.32587E-02  -130.9907
6.32831E-02  -134.3967
6.33076E-02  -136.6636
6.3332E-02  -135.409
6.33565E-02  -130.7161
6.3381E-02  -135.6803
6.34056E-02  -127.6841
6.34301E-02  -130.7125
6.34547E-02  -129.8258
6.34793E-02  -128.3158
6.35039E-02  -136.7822
6.35285E-02  -129.7544
6.35531E-02  -125.5935
6.35778E-02  -130.6917
6.36025E-02  -138.0831
6.36272E-02  -138.8984
6.36519E-02  -132.574
6.36766E-02  -137.6274
6.37014E-02  -129.1726
6.37262E-02  -134.7904
6.3751E-02  -133.3214
6.37758E-02  -129.0801
6.38006E-02  -131.888
6.38255E-02  -126.0846
6.38504E-02  -130.4348
6.38752E-02  -128.9812
6.39002E-02  -142.6533
6.39251E-02  -134.0098
6.395E-02  -132.1051
6.3975E-02  -133.7117
6.4E-02  -132.2293
6.4025E-02  -131.1362
6.405E-02  -131.5034
6.40751E-02  -132.8664
6.41002E-02  -136.9432
6.41252E-02  -134.6642
6.41504E-02  -129.6554
6.41755E-02  -127.0088
6.42006E-02  -126.0532
6.42258E-02  -126.1513
6.4251E-02  -132.0972
6.42762E-02  -137.014
6.43014E-02  -133.2777
6.43267E-02  -129.625
6.43519E-02  -131.0609
6.43772E-02  -126.9242
6.44025E-02  -128.7013
6.44278E-02  -131.7157
6.44532E-02  -135.1819
6.44786E-02  -133.842
6.45039E-02  -133.8574
6.45293E-02  -124.747
6.45548E-02  -125.8088
6.45802E-02  -133.3744
6.46057E-02  -145.7904
6.46312E-02  -136.9215
6.46567E-02  -130.0011
6.46822E-02  -127.3996
6.47077E-02  -129.7825
6.47333E-02  -135.4039
6.47589E-02  -139.4507
6.47845E-02  -130.9633
6.48101E-02  -131.4719
6.48358E-02  -127.6378
6.48614E-02  -123.6081
6.48871E-02  -127.0473
6.49128E-02  -138.8479
6.49386E-02  -137.9981
6.49643E-02  -136.1164
6.49901E-02  -141.2729
6.50159E-02  -130.6795
6.50417E-02  -126.9559
6.50675E-02  -132.2652
6.50934E-02  -131.7522
6.51192E-02  -129.3948
6.51451E-02  -129.9901
6.5171E-02  -127.4783
6.5197E-02  -133.7694
6.52229E-02  -134.8759
6.52489E-02  -130.8567
6.52749E-02  -130.65
6.53009E-02  -132.5496
6.5327E-02  -132.9752
6.5353E-02  -128.8
6.53791E-02  -145.5115
6.54052E-02  -126.265
6.54313E-02  -125.0238
6.54575E-02  -128.9532
6.54836E-02  -127.6709
6.55098E-02  -134.0952
6.5536E-02  -131.981
6.55622E-02  -132.6814
6.55885E-02  -135.8539
6.56147E-02  -128.2955
6.5641E-02  -133.7083
6.56673E-02  -129.539
6.56937E-02  -125.2869
6.572E-02  -127.7251
6.57464E-02  -136.0238
6.57728E-02  -132.2937
6.57992E-02  -131.6111
6.58256E-02  -131.8245
6.58521E-02  -131.1921
6.58786E-02  -132.9792
6.59051E-02  -131.3439
6.59316E-02  -129.9698
6.59581E-02  -126.9239
6.59847E-02  -129.6171
6.60113E-02  -137.4367
6.60379E-02  -135.5794
6.60645E-02  -133.6671
6.60912E-02  -132.4816
6.61178E-02  -132.0924
6.61445E-02  -127.352
6.61712E-02  -128.8966
6.6198E-02  -125.5321
6.62247E-02  -128.6366
6.62515E-02  -130.8
6.62783E-02  -131.9948
6.63051E-02  -137.039
6.6332E-02  -126.2275
6.63588E-02  -124.2304
6.63857E-02  -125.6084
6.64126E-02  -129.6356
6.64396E-02  -127.4207
6.64665E-02  -125.8083
6.64935E-02  -132.4088
6.65205E-02  -137.7067
6.65475E-02  -131.4639
6.65746E-02  -126.2063
6.66016E-02  -112.0992
6.66287E-02  -110.0205
6.66558E-02  -118.3509
6.66829E-02  -129.801
6.67101E-02  -132.821
6.67373E-02  -135.1556
6.67645E-02  -131.1737
6.67917E-02  -130.7372
6.68189E-02  -126.4481
6.68462E-02  -127.1043
6.68735E-02  -134.2121
6.69008E-02  -134.1154
6.69281E-02  -129.5389
6.69555E-02  -126.98
6.69828E-02  -130.7574
6.70102E-02  -142.9736
6.70376E-02  -133.9939
6.70651E-02  -148.1619
6.70925E-02  -133.1863
6.712E-02  -135.2177
6.71475E-02  -133.986
6.71751E-02  -141.5245
6.72026E-02  -132.4946
6.72302E-02  -133.7776
6.72578E-02  -137.3744
6.72854E-02  -134.4198
6.73131E-02  -133.516
6.73407E-02  -135.5776
6.73684E-02  -141.3842
6.73961E-02  -125.6862
6.74239E-02  -124.0544
6.74516E-02  -128.4809
6.74794E-02  -135.0538
6.75072E-02  -132.9391
6.7535E-02  -134.1805
6.75629E-02  -131.4888
6.75908E-02  -128.5502
6.76187E-02  -127.0896
6.76466E-02  -133.7279
6.76745E-02  -130.9745
6.77025E-02  -124.3563
6.77305E-02  -124.9444
6.77585E-02  -129.9161
6.77865E-02  -134.1783
6.78146E-02  -128.2626
6.78427E-02  -130.1782
6.78708E-02  -134.6805
6.78989E-02  -133.6962
6.7927E-02  -129.8208
6.79552E-02  -132.7647
6.79834E-02  -135.6556
6.80116E-02  -132.8953
6.80399E-02  -131.6014
6.80681E-02  -148.455
6.80964E-02  -135.3942
6.81247E-02  -129.5148
6.81531E-02  -135.9546
6.81814E-02  -133.168
6.82098E-02  -130.783
6.82382E-02  -134.5927
6.82667E-02  -131.3277
6.82951E-02  -143.3742
6.83236E-02  -131.5616
6.83521E-02  -128.5614
6.83806E-02  -136.4847
6.84092E-02  -139.4278
6.84378E-02  -133.4059
6.84664E-02  -129.4931
6.8495E-02  -139.1068
6.85236E-02  -140.9631
6.85523E-02  -139.2018
6.8581E-02  -137.7002
6.86097E-02  -131.8604
6.86385E-02  -130.4417
6.86672E-02  -128.557
6.8696E-02  -129.6574
6.87248E-02  -132.2743
6.87537E-02  -134.3187
6.87825E-02  -135.7858
6.88114E-02  -128.4896
6.88403E-02  -134.3419
6.88693E-02  -145.1308
6.88982E-02  -129.5927
6.89272E-02  -130.9169
6.89562E-02  -139.1597
6.89853E-02  -136.5826
6.90143E-02  -129.6235
6.90434E-02  -132.4861
6.90725E-02  -131.0432
6.91016E-02  -132.355
6.91308E-02  -135.0808
6.916E-02  -140.0461
6.91892E-02  -134.8771
6.92184E-02  -139.8905
6.92477E-02  -132.9413
6.9277E-02  -135.3799
6.93063E-02  -138.4012
6.93356E-02  -144.4494
6.93649E-02  -128.1614
6.93943E-02  -130.31
6.94237E-02  -134.5749
6.94532E-02  -131.5896
6.94826E-02  -129.984
6.95121E-02  -130.252
6.95416E-02  -137.9578
6.95711E-02  -138.3892
6.96007E-02  -130.0324
6.96303E-02  -129.5841
6.96599E-02  -139.3911
6.96895E-02  -131.0217
6.97191E-02  -125.4925
6.97488E-02  -126.6656
6.97785E-02  -128.7878
6.98083E-02  -127.8797
6.9838E-02  -127.5057
6.98678E-02  -130.2516
6.98976E-02  -132.3225
6.99274E-02  -141.0715
6.99573E-02  -135.1298
6.99872E-02  -129.375
7.00171E-02  -124.5882
7.0047E-02  -129.1725
7.0077E-02  -132.4533
7.0107E-02  -128.8961
7.0137E-02  -132.8225
7.0167E-02  -135.4143
7.01971E-02  -143.4619
7.02272E-02  -131.9933
7.02573E-02  -128.4357
7.02874E-02  -125.1111
7.03176E-02  -125.8919
7.03478E-02  -129.6381
7.0378E-02  -132.6212
7.04083E-02  -142.3871
7.04385E-02  -131.7798
7.04688E-02  -136.6269
7.04991E-02  -134.7244
7.05295E-02  -132.0779
7.05599E-02  -142.0614
7.05903E-02  -131.0393
7.06207E-02  -131.8792
7.06511E-02  -141.5157
7.06816E-02  -134.1075
7.07121E-02  -134.1738
7.07427E-02  -133.0547
7.07732E-02  -135.6978
7.08038E-02  -134.2397
7.08344E-02  -129.5504
7.08651E-02  -131.7431
7.08957E-02  -131.8855
7.09264E-02  -133.4197
7.09571E-02  -140.7061
7.09879E-02  -134.7965
7.10186E-02  -128.783
7.10494E-02  -134.9225
7.10803E-02  -145.288
7.11111E-02  -140.8325
7.1142E-02  -138.6549
7.11729E-02  -140.8035
7.12038E-02  -136.8118
7.12348E-02  -129.3187
7.12658E-02  -129.119
7.12968E-02  -131.4322
7.13278E-02  -131.1863
7.13589E-02  -133.8731
7.139E-02  -130.9367
7.14211E-02  -128.6644
7.14522E-02  -132.4845
7.14834E-02  -130.8143
7.15146E-02  -135.6286
7.15459E-02  -145.227
7.15771E-02  -132.1108
7.16084E-02  -132.1676
7.16397E-02  -143.8882
7.1671E-02  -134.2907
7.17024E-02  -134.493
7.17338E-02  -145.0685
7.17652E-02  -142.0843
7.17967E-02  -131.6009
7.18281E-02  -132.5838
7.18596E-02  -143.7629
7.18912E-02  -138.5833
7.19227E-02  -133.672
7.19543E-02  -130.2469
7.19859E-02  -133.0207
7.20176E-02  -139.0667
7.20493E-02  -129.046
7.2081E-02  -128.2935
7.21127E-02  -135.6007
7.21444E-02  -144.8422
7.21762E-02  -138.6491
7.2208E-02  -133.4833
7.22399E-02  -137.1422
7.22717E-02  -139.6114
7.23036E-02  -137.1647
7.23355E-02  -133.0443
7.23675E-02  -133.5921
7.23995E-02  -146.523
7.24315E-02  -137.6233
7.24635E-02  -132.9703
7.24956E-02  -132.3648
7.25277E-02  -131.5568
7.25598E-02  -139.0791
7.25919E-02  -143.6417
7.26241E-02  -139.7772
7.26563E-02  -146.727
7.26886E-02  -129.2562
7.27208E-02  -126.8637
7.27531E-02  -129.4409
7.27854E-02  -129.8156
7.28178E-02  -135.2305
7.28502E-02  -129.8504
7.28826E-02  -135.346
7.2915E-02  -130.8723
7.29475E-02  -128.6651
7.298E-02  -125.7623
7.30125E-02  -128.0215
7.3045E-02  -131.3904
7.30776E-02  -133.0521
7.31102E-02  -130.7218
7.31429E-02  -132.928
7.31755E-02  -136.7793
7.32082E-02  -136.9829
7.32409E-02  -139.6897
7.32737E-02  -134.7654
7.33065E-02  -142.97
7.33393E-02  -131.5706
7.33721E-02  -128.2003
7.3405E-02  -129.4266
7.34379E-02  -132.9867
7.34709E-02  -136.9585
7.35038E-02  -141.285
7.35368E-02  -139.9831
7.35698E-02  -146.4719
7.36029E-02  -144.7782
7.3636E-02  -145.6059
7.36691E-02  -137.8847
7.37022E-02  -142.9754
7.37354E-02  -149.4801
7.37686E-02  -135.7019
7.38018E-02  -140.0854
7.38351E-02  -134.6908
7.38683E-02  -133.7589
7.39017E-02  -136.0476
7.3935E-02  -148.5836
7.39684E-02  -141.3335
7.40018E-02  -129.4047
7.40352E-02  -129.1989
7.40687E-02  -133.762
7.41022E-02  -137.2513
7.41357E-02  -135.5327
7.41693E-02  -138.4961
7.42029E-02  -132.1749
7.42365E-02  -127.8389
7.42702E-02  -130.368
7.43039E-02  -134.0085
7.43376E-02  -138.8904
7.43713E-02  -139.0709
7.44051E-02  -129.1984
7.44389E-02  -132.014
7.44727E-02  -135.0136
7.45066E-02  -141.9196
7.45405E-02  -132.8171
7.45744E-02  -143.448
7.46084E-02  -140.637
7.46424E-02  -136.0807
7.46764E-02  -130.9946
7.47104E-02  -133.8266
7.47445E-02  -148.5045
7.47786E-02  -136.3947
7.48128E-02  -142.6878
7.4847E-02  -143.2242
7.48812E-02  -141.585
7.49154E-02  -139.6397
7.49497E-02  -145.7405
7.4984E-02  -141.1409
7.50183E-02  -136.9124
7.50527E-02  -130.3941
7.50871E-02  -135.6475
7.51215E-02  -139.151
7.5156E-02  -144.3788
7.51905E-02  -139.402
7.5225E-02  -143.8767
7.52595E-02  -140.3697
7.52941E-02  -133.7035
7.53287E-02  -132.2055
7.53634E-02  -133.4616
7.53981E-02  -140.4807
7.54328E-02  -135.9917
7.54675E-02  -134.2805
7.55023E-02  -140.1792
7.55371E-02  -131.5647
7.5572E-02  -134.2642
7.56068E-02  -133.6991
7.56417E-02  -130.6433
7.56767E-02  -132.8562
7.57116E-02  -140.9074
7.57466E-02  -135.7612
7.57817E-02  -129.7591
7.58168E-02  -130.8826
7.58519E-02  -133.8987
7.5887E-02  -136.3997
7.59222E-02  -162.8799
7.59573E-02  -133.547
7.59926E-02  -128.1942
7.60278E-02  -132.0374
7.60631E-02  -133.3323
7.60985E-02  -137.4314
7.61338E-02  -134.5109
7.61692E-02  -134.2142
7.62047E-02  -136.8892
7.62401E-02  -140.1332
7.62756E-02  -138.1975
7.63111E-02  -145.7508
7.63467E-02  -135.9782
7.63823E-02  -130.079
7.64179E-02  -128.9845
7.64536E-02  -130.3935
7.64893E-02  -131.5158
7.6525E-02  -134.972
7.65607E-02  -140.1543
7.65965E-02  -139.9205
7.66324E-02  -133.5252
7.66682E-02  -128.1704
7.67041E-02  -129.072
7.674E-02  -138.1274
7.6776E-02  -137.5897
7.6812E-02  -135.593
7.6848E-02  -130.393
7.68841E-02  -137.3768
7.69202E-02  -148.0748
7.69563E-02  -162.2305
7.69925E-02  -140.6894
7.70287E-02  -140.1862
7.70649E-02  -136.5755
7.71012E-02  -143.7905
7.71375E-02  -132.4165
7.71738E-02  -133.6317
7.72102E-02  -131.671
7.72466E-02  -132.537
7.7283E-02  -134.0948
7.73195E-02  -142.0051
7.7356E-02  -144.2361
7.73925E-02  -133.3847
7.74291E-02  -131.0449
7.74657E-02  -135.9274
7.75024E-02  -135.672
7.7539E-02  -146.098
7.75758E-02  -134.9335
7.76125E-02  -136.8556
7.76493E-02  -133.3692
7.76861E-02  -134.6746
7.7723E-02  -136.868
7.77598E-02  -133.9247
7.77968E-02  -130.6107
7.78337E-02  -129.0897
7.78707E-02  -129.1964
7.79078E-02  -131.4757
7.79448E-02  -138.6841
7.79819E-02  -139.215
7.8019E-02  -137.7528
7.80562E-02  -147.6286
7.80934E-02  -146.1359
7.81307E-02  -135.3904
7.81679E-02  -146.947
7.82053E-02  -144.2093
7.82426E-02  -138.0123
7.828E-02  -134.7035
7.83174E-02  -128.6528
7.83549E-02  -132.3697
7.83923E-02  -131.4699
7.84299E-02  -134.0096
7.84674E-02  -139.7603
7.8505E-02  -138.6085
7.85427E-02  -134.7154
7.85803E-02  -138.4566
7.8618E-02  -135.2509
7.86558E-02  -132.0049
7.86936E-02  -137.7532
7.87314E-02  -145.9438
7.87692E-02  -136.587
7.88071E-02  -133.2922
7.8845E-02  -135.4081
7.8883E-02  -134.278
7.8921E-02  -141.7293
7.8959E-02  -138.4514
7.89971E-02  -135.9281
7.90352E-02  -133.3427
7.90734E-02  -132.2498
7.91115E-02  -133.1036
7.91498E-02  -136.4315
7.9188E-02  -139.8939
7.92263E-02  -141.6993
7.92646E-02  -132.8333
7.9303E-02  -134.0987
7.93414E-02  -138.7933
7.93798E-02  -138.1875
7.94183E-02  -136.0935
7.94568E-02  -134.8071
7.94954E-02  -136.3429
7.9534E-02  -138.388
7.95726E-02  -132.1171
7.96113E-02  -129.8589
7.965E-02  -128.9901
7.96887E-02  -131.4605
7.97275E-02  -134.0666
7.97663E-02  -138.3658
7.98052E-02  -132.5359
7.98441E-02  -134.2564
7.9883E-02  -136.1704
7.9922E-02  -142.1446
7.9961E-02  -138.4943
8E-02  -134.6443
8.00391E-02  -133.0784
8.00782E-02  -133.0417
8.01174E-02  -132.834
8.01566E-02  -131.5791
8.01958E-02  -133.9054
8.02351E-02  -141.6485
8.02744E-02  -132.9459
8.03137E-02  -132.6567
8.03531E-02  -136.903
8.03925E-02  -135.9431
8.0432E-02  -137.7255
8.04715E-02  -134.7942
8.05111E-02  -130.2081
8.05506E-02  -126.3731
8.05903E-02  -127.992
8.06299E-02  -131.0213
8.06696E-02  -132.1489
8.07094E-02  -137.4171
8.07491E-02  -142.9114
8.0789E-02  -141.474
8.08288E-02  -134.636
8.08687E-02  -129.4864
8.09086E-02  -129.8664
8.09486E-02  -133.801
8.09886E-02  -134.0113
8.10287E-02  -134.3283
8.10688E-02  -133.1892
8.11089E-02  -131.9701
8.11491E-02  -133.097
8.11893E-02  -131.5115
8.12295E-02  -130.234
8.12698E-02  -127.3114
8.13102E-02  -127.4235
8.13505E-02  -136.3899
8.1391E-02  -136.8111
8.14314E-02  -133.7958
8.14719E-02  -133.9148
8.15124E-02  -133.1409
8.1553E-02  -147.3076
8.15936E-02  -143.5361
8.16343E-02  -138.9875
8.1675E-02  -131.2067
8.17157E-02  -134.0966
8.17565E-02  -139.7439
8.17973E-02  -136.3529
8.18382E-02  -145.9797
8.18791E-02  -135.4133
8.192E-02  -131.9599
8.1961E-02  -134.1368
8.2002E-02  -142.0139
8.20431E-02  -141.4964
8.20842E-02  -133.9774
8.21253E-02  -132.4009
8.21665E-02  -132.6176
8.22077E-02  -139.9331
8.2249E-02  -135.6161
8.22903E-02  -131.1244
8.23317E-02  -131.815
8.23731E-02  -132.9484
8.24145E-02  -138.0378
8.2456E-02  -136.1376
8.24975E-02  -133.9706
8.2539E-02  -146.2489
8.25806E-02  -134.9417
8.26223E-02  -134.4815
8.2664E-02  -130.655
8.27057E-02  -136.0522
8.27475E-02  -135.6525
8.27893E-02  -129.2331
8.28311E-02  -128.4762
8.2873E-02  -135.8896
8.2915E-02  -136.7021
8.2957E-02  -132.2654
8.2999E-02  -132.9481
8.30411E-02  -144.9369
8.30832E-02  -135.0669
8.31253E-02  -136.6947
8.31675E-02  -132.8988
8.32098E-02  -129.9382
8.3252E-02  -138.6751
8.32944E-02  -139.5268
8.33367E-02  -148.1269
8.33791E-02  -138.3004
8.34216E-02  -135.585
8.34641E-02  -136.114
8.35066E-02  -133.0595
8.35492E-02  -138.0219
8.35918E-02  -135.3738
8.36345E-02  -132.7715
8.36772E-02  -137.0793
8.372E-02  -140.2569
8.37628E-02  -136.7784
8.38056E-02  -131.6691
8.38485E-02  -137.9542
8.38914E-02  -148.7984
8.39344E-02  -134.1081
8.39774E-02  -133.2566
8.40205E-02  -134.924
8.40636E-02  -143.9138
8.41068E-02  -139.9748
8.415E-02  -133.2552
8.41932E-02  -131.706
8.42365E-02  -134.7189
8.42798E-02  -139.1994
8.43232E-02  -147.6039
8.43666E-02  -145.9858
8.44101E-02  -133.5818
8.44536E-02  -131.4325
8.44972E-02  -141.6208
8.45408E-02  -141.7497
8.45844E-02  -139.6388
8.46281E-02  -144.9739
8.46718E-02  -138.4226
8.47156E-02  -137.4688
8.47594E-02  -140.828
8.48033E-02  -133.8415
8.48472E-02  -139.5857
8.48912E-02  -145.3628
8.49352E-02  -143.226
8.49793E-02  -134.7074
8.50234E-02  -136.9811
8.50675E-02  -141.0834
8.51117E-02  -139.8374
8.51559E-02  -147.48
8.52002E-02  -134.6143
8.52445E-02  -135.3235
8.52889E-02  -134.9392
8.53333E-02  -135.9159
8.53778E-02  -132.6961
8.54223E-02  -134.8594
8.54669E-02  -132.7036
8.55115E-02  -139.039
8.55561E-02  -138.7126
8.56008E-02  -136.0187
8.56456E-02  -134.9107
8.56904E-02  -136.8444
8.57352E-02  -139.7455
8.57801E-02  -132.7887
8.5825E-02  -136.6538
8.587E-02  -132.6717
8.5915E-02  -135.9669
8.59601E-02  -132.5878
8.60052E-02  -130.7905
8.60504E-02  -133.6437
8.60956E-02  -134.5433
8.61409E-02  -132.9518
8.61862E-02  -140.7426
8.62316E-02  -138.902
8.6277E-02  -132.7092
8.63224E-02  -138.9082
8.63679E-02  -153.1593
8.64135E-02  -139.0393
8.64591E-02  -133.8976
8.65048E-02  -138.3221
8.65504E-02  -133.2753
8.65962E-02  -132.9265
8.6642E-02  -132.7884
8.66878E-02  -132.5715
8.67337E-02  -132.5919
8.67797E-02  -135.4397
8.68256E-02  -143.0872
8.68717E-02  -142.6292
8.69178E-02  -140.6527
8.69639E-02  -139.7443
8.70101E-02  -137.0021
8.70563E-02  -142.456
8.71026E-02  -142.6109
8.71489E-02  -137.3612
8.71953E-02  -139.6261
8.72417E-02  -143.7137
8.72882E-02  -139.2147
8.73348E-02  -139.1128
8.73813E-02  -134.6824
8.7428E-02  -137.2923
8.74746E-02  -136.2751
8.75214E-02  -136.9721
8.75681E-02  -138.6606
8.7615E-02  -134.6658
8.76619E-02  -138.1973
8.77088E-02  -140.9464
8.77558E-02  -136.4388
8.78028E-02  -133.5953
8.78499E-02  -135.8948
8.7897E-02  -137.7348
8.79442E-02  -137.5865
8.79914E-02  -147.0345
8.80387E-02  -141.0196
8.8086E-02  -135.2234
8.81334E-02  -139.2735
8.81808E-02  -150.7652
8.82283E-02  -146.655
8.82759E-02  -134.8856
8.83235E-02  -133.3232
8.83711E-02  -133.5126
8.84188E-02  -136.8024
8.84665E-02  -149.318
8.85143E-02  -140.4027
8.85622E-02  -137.1752
8.86101E-02  -131.8383
8.8658E-02  -131.2
8.8706E-02  -133.1914
8.87541E-02  -141.7012
8.88022E-02  -146.3037
8.88503E-02  -150.6282
8.88985E-02  -139.4613
8.89468E-02  -134.5856
8.89951E-02  -137.0911
8.90435E-02  -139.1916
8.90919E-02  -132.2312
8.91404E-02  -136.3406
8.91889E-02  -139.1862
8.92375E-02  -140.1548
8.92861E-02  -139.3493
8.93348E-02  -136.2832
8.93835E-02  -137.2083
8.94323E-02  -137.5896
8.94812E-02  -137.7786
8.95301E-02  -139.0452
8.9579E-02  -133.7251
8.9628E-02  -134.2356
8.96771E-02  -135.3378
8.97262E-02  -134.9364
8.97753E-02  -139.6519
8.98246E-02  -140.8247
8.98738E-02  -136.6087
8.99232E-02  -132.9796
8.99725E-02  -130.8561
9.0022E-02  -131.2656
9.00715E-02  -135.1918
9.0121E-02  -143.655
9.01706E-02  -150.2351
9.02203E-02  -148.0313
9.027E-02  -146.0421
9.03197E-02  -137.5489
9.03696E-02  -134.8501
9.04194E-02  -139.1682
9.04694E-02  -146.585
9.05193E-02  -154.8641
9.05694E-02  -131.5025
9.06195E-02  -128.974
9.06696E-02  -135.3862
9.07198E-02  -135.9257
9.07701E-02  -137.5706
9.08204E-02  -135.6226
9.08708E-02  -135.532
9.09212E-02  -132.5759
9.09717E-02  -132.9122
9.10222E-02  -137.6747
9.10728E-02  -143.7234
9.11235E-02  -145.453
9.11742E-02  -133.3001
9.12249E-02  -132.9923
9.12758E-02  -132.0764
9.13266E-02  -138.243
9.13776E-02  -135.0029
9.14286E-02  -132.2808
9.14796E-02  -134.2792
9.15307E-02  -141.1934
9.15819E-02  -141.0584
9.16331E-02  -136.3596
9.16844E-02  -137.1895
9.17357E-02  -140.1588
9.17871E-02  -134.6721
9.18386E-02  -133.341
9.18901E-02  -137.8033
9.19416E-02  -132.8376
9.19933E-02  -131.4093
9.20449E-02  -136.5052
9.20967E-02  -142.8547
9.21485E-02  -142.6414
9.22003E-02  -136.8884
9.22523E-02  -139.9738
9.23042E-02  -139.5217
9.23563E-02  -134.771
9.24083E-02  -138.2878
9.24605E-02  -150.5958
9.25127E-02  -146.4025
9.2565E-02  -135.6658
9.26173E-02  -130.4654
9.26697E-02  -134.8521
9.27221E-02  -137.0804
9.27746E-02  -135.0105
9.28272E-02  -134.8897
9.28798E-02  -133.8389
9.29325E-02  -132.8852
9.29852E-02  -138.6081
9.3038E-02  -135.2027
9.30909E-02  -134.6164
9.31438E-02  -152.8657
9.31968E-02  -135.6372
9.32499E-02  -138.1453
9.3303E-02  -143.3453
9.33561E-02  -147.4694
9.34094E-02  -138.9343
9.34626E-02  -136.3136
9.3516E-02  -142.58
9.35694E-02  -146.6999
9.36229E-02  -141.8813
9.36764E-02  -133.534
9.373E-02  -129.4701
9.37836E-02  -133.5719
9.38373E-02  -168.5608
9.38911E-02  -139.4061
9.3945E-02  -135.1872
9.39989E-02  -130.556
9.40528E-02  -132.8299
9.41068E-02  -148.6265
9.41609E-02  -141.3724
9.42151E-02  -139.1743
9.42693E-02  -140.8763
9.43235E-02  -141.1339
9.43779E-02  -140.3205
9.44323E-02  -135.9825
9.44867E-02  -144.5658
9.45413E-02  -141.5113
9.45958E-02  -141.1184
9.46505E-02  -139.3865
9.47052E-02  -134.8522
9.476E-02  -137.0234
9.48148E-02  -137.2349
9.48697E-02  -133.6171
9.49247E-02  -135.3044
9.49797E-02  -140.0685
9.50348E-02  -143.5436
9.509E-02  -142.9293
9.51452E-02  -142.9172
9.52005E-02  -136.2206
9.52558E-02  -132.5935
9.53112E-02  -144.4932
9.53667E-02  -137.6887
9.54222E-02  -139.0009
9.54779E-02  -139.7885
9.55335E-02  -140.7425
9.55893E-02  -138.2662
9.56451E-02  -135.4106
9.57009E-02  -144.1661
9.57569E-02  -142.2416
9.58129E-02  -136.0459
9.58689E-02  -134.3927
9.59251E-02  -140.0847
9.59813E-02  -145.7033
9.60375E-02  -144.0722
9.60938E-02  -137.0407
9.61502E-02  -135.0312
9.62067E-02  -134.5983
9.62632E-02  -131.6713
9.63198E-02  -133.8316
9.63765E-02  -143.356
9.64332E-02  -142.2596
9.649E-02  -142.1183
9.65468E-02  -138.9234
9.66038E-02  -141.7974
9.66608E-02  -138.819
9.67178E-02  -132.1126
9.6775E-02  -132.8702
9.68322E-02  -146.6007
9.68894E-02  -136.4773
9.69467E-02  -137.1916
9.70041E-02  -137.0074
9.70616E-02  -137.306
9.71191E-02  -138.5582
9.71767E-02  -141.2016
9.72344E-02  -137.7135
9.72922E-02  -139.5881
9.735E-02  -135.8836
9.74078E-02  -131.5347
9.74658E-02  -134.1442
9.75238E-02  -151.8552
9.75819E-02  -145.0384
9.764E-02  -138.2892
9.76983E-02  -142.1868
9.77566E-02  -135.9736
9.78149E-02  -137.8246
9.78734E-02  -135.8721
9.79319E-02  -132.7601
9.79904E-02  -135.1205
9.80491E-02  -153.1367
9.81078E-02  -134.7086
9.81666E-02  -131.261
9.82254E-02  -135.6918
9.82843E-02  -135.0862
9.83433E-02  -141.6877
9.84024E-02  -151.8852
9.84615E-02  -141.9048
9.85207E-02  -149.0656
9.858E-02  -136.3862
9.86394E-02  -136.4219
9.86988E-02  -140.208
9.87583E-02  -133.3073
9.88179E-02  -136.1021
9.88775E-02  -139.7769
9.89372E-02  -140.8684
9.8997E-02  -139.6858
9.90568E-02  -138.2842
9.91168E-02  -136.6122
9.91768E-02  -134.6513
9.92368E-02  -135.8214
9.9297E-02  -156.766
9.93572E-02  -136.6456
9.94175E-02  -136.029
9.94778E-02  -134.8334
9.95383E-02  -134.0264
9.95988E-02  -140.8112
9.96594E-02  -148.1171
9.972E-02  -140.9852
9.97808E-02  -137.8344
9.98416E-02  -135.5951
9.99024E-02  -134.0894
9.99634E-02  -138.2009
1.00024E-01  -144.5725
1.00086E-01  -144.9526
1.00147E-01  -142.2164
1.00208E-01  -139.1677
1.00269E-01  -139.2143
1.00331E-01  -137.033
1.00392E-01  -138.4602
1.00454E-01  -141.7103
1.00515E-01  -136.1629
1.00577E-01  -136.5257
1.00639E-01  -141.5981
1.00701E-01  -139.5263
1.00763E-01  -142.4348
1.00825E-01  -149.3165
1.00887E-01  -146.2297
1.00949E-01  -136.586
1.01011E-01  -147.6075
1.01073E-01  -138.7223
1.01136E-01  -137.601
1.01198E-01  -135.4229
1.01261E-01  -135.5204
1.01323E-01  -138.7042
1.01386E-01  -137.3854
1.01449E-01  -139.5668
1.01512E-01  -140.2966
1.01575E-01  -140.6085
1.01638E-01  -139.964
1.01701E-01  -138.7971
1.01764E-01  -141.494
1.01827E-01  -138.8493
1.01891E-01  -139.933
1.01954E-01  -161.1924
1.02017E-01  -144.4101
1.02081E-01  -139.1868
1.02145E-01  -146.2618
1.02208E-01  -139.1449
1.02272E-01  -150.3178
1.02336E-01  -149.4156
1.024E-01  -148.1383
1.02464E-01  -141.4781
1.02528E-01  -142.3384
1.02592E-01  -143.8826
1.02657E-01  -142.979
1.02721E-01  -162.6275
1.02785E-01  -142.0586
1.0285E-01  -154.3045
1.02915E-01  -135.4861
1.02979E-01  -136.1191
1.03044E-01  -135.1676
1.03109E-01  -137.4459
1.03174E-01  -141.5199
1.03239E-01  -142.0428
1.03304E-01  -139.1067
1.03369E-01  -142.1312
1.03434E-01  -144.1568
1.035E-01  -142.1216
1.03565E-01  -144.5805
1.03631E-01  -144.714
1.03696E-01  -139.8467
1.03762E-01  -136.8686
1.03828E-01  -149.5794
1.03893E-01  -136.6241
1.03959E-01  -131.5075
1.04025E-01  -132.0183
1.04091E-01  -140.6683
1.04158E-01  -147.0389
1.04224E-01  -138.359
1.0429E-01  -139.4066
1.04357E-01  -144.452
1.04423E-01  -139.2723
1.0449E-01  -138.6736
1.04556E-01  -136.2993
1.04623E-01  -136.6705
1.0469E-01  -140.2026
1.04757E-01  -140.9717
1.04824E-01  -142.8785
1.04891E-01  -142.4478
1.04958E-01  -142.3306
1.05026E-01  -137.0735
1.05093E-01  -140.8168
1.0516E-01  -139.8249
1.05228E-01  -134.6081
1.05296E-01  -138.322
1.05363E-01  -144.5013
1.05431E-01  -139.978
1.05499E-01  -143.3675
1.05567E-01  -137.7531
1.05635E-01  -137.2384
1.05703E-01  -141.6017
1.05771E-01  -142.3496
1.0584E-01  -141.3338
1.05908E-01  -150.5994
1.05977E-01  -142.2813
1.06045E-01  -138.594
1.06114E-01  -136.8236
1.06183E-01  -143.4324
1.06252E-01  -146.2407
1.06321E-01  -144.235
1.0639E-01  -145.413
1.06459E-01  -142.7891
1.06528E-01  -153.6049
1.06597E-01  -144.0691
1.06667E-01  -149.304
1.06736E-01  -150.253
1.06806E-01  -139.2858
1.06875E-01  -134.6347
1.06945E-01  -135.959
1.07015E-01  -139.8017
1.07085E-01  -140.9719
1.07155E-01  -144.2103
1.07225E-01  -149.2422
1.07295E-01  -141.2803
1.07366E-01  -134.975
1.07436E-01  -136.1663
1.07507E-01  -141.9742
1.07577E-01  -140.1277
1.07648E-01  -139.6912
1.07719E-01  -143.3257
1.07789E-01  -139.6899
1.0786E-01  -135.578
1.07931E-01  -145.0376
1.08003E-01  -145.2347
1.08074E-01  -144.462
1.08145E-01  -144.4551
1.08217E-01  -139.754
1.08288E-01  -145.186
1.0836E-01  -140.9675
1.08432E-01  -137.328
1.08503E-01  -137.6105
1.08575E-01  -137.0081
1.08647E-01  -140.0836
1.08719E-01  -146.5597
1.08792E-01  -139.41
1.08864E-01  -142.8432
1.08936E-01  -136.2236
1.09009E-01  -141.7244
1.09081E-01  -143.6534
1.09154E-01  -142.4845
1.09227E-01  -153.3665
1.093E-01  -143.8664
1.09372E-01  -146.8616
1.09446E-01  -140.6403
1.09519E-01  -150.7558
1.09592E-01  -145.2716
1.09665E-01  -143.7161
1.09739E-01  -139.4638
1.09812E-01  -134.2056
1.09886E-01  -139.6659
1.0996E-01  -143.1608
1.10034E-01  -155.1079
1.10108E-01  -142.1707
1.10182E-01  -136.8549
1.10256E-01  -136.0272
1.1033E-01  -140.2078
1.10404E-01  -147.8079
1.10479E-01  -139.3047
1.10553E-01  -139.2659
1.10628E-01  -138.6788
1.10703E-01  -136.9749
1.10778E-01  -137.3285
1.10853E-01  -142.6241
1.10928E-01  -153.4333
1.11003E-01  -143.08
1.11078E-01  -146.2855
1.11153E-01  -147.7889
1.11229E-01  -152.5844
1.11304E-01  -144.2692
1.1138E-01  -138.6775
1.11456E-01  -135.9398
1.11532E-01  -137.8498
1.11608E-01  -138.3052
1.11684E-01  -139.5342
1.1176E-01  -138.1222
1.11836E-01  -140.2603
1.11913E-01  -144.2251
1.11989E-01  -149.8791
1.12066E-01  -143.869
1.12142E-01  -143.5821
1.12219E-01  -151.4196
1.12296E-01  -140.49
1.12373E-01  -144.0313
1.1245E-01  -140.2113
1.12527E-01  -136.1686
1.12605E-01  -140.731
1.12682E-01  -135.4058
1.1276E-01  -134.384
1.12837E-01  -138.7529
1.12915E-01  -140.6945
1.12993E-01  -140.7354
1.13071E-01  -147.4454
1.13149E-01  -139.1367
1.13227E-01  -141.7211
1.13306E-01  -147.0167
1.13384E-01  -165.1192
1.13463E-01  -142.8055
1.13541E-01  -147.6741
1.1362E-01  -148.6796
1.13699E-01  -138.7756
1.13778E-01  -135.9744
1.13857E-01  -136.3921
1.13936E-01  -137.1537
1.14015E-01  -138.8983
1.14095E-01  -155.6862
1.14174E-01  -139.2922
1.14254E-01  -140.8366
1.14334E-01  -145.764
1.14413E-01  -140.2885
1.14493E-01  -136.6982
1.14573E-01  -139.2794
1.14654E-01  -147.4265
1.14734E-01  -145.6891
1.14814E-01  -137.9594
1.14895E-01  -141.9242
1.14975E-01  -146.8391
1.15056E-01  -149.4518
1.15137E-01  -145.3634
1.15218E-01  -146.2781
1.15299E-01  -150.3695
1.1538E-01  -143.336
1.15462E-01  -140.3029
1.15543E-01  -143.3434
1.15625E-01  -145.4443
1.15706E-01  -149.0278
1.15788E-01  -148.3876
1.1587E-01  -148.0296
1.15952E-01  -136.8944
1.16034E-01  -136.825
1.16116E-01  -135.4833
1.16199E-01  -138.5346
1.16281E-01  -150.0074
1.16364E-01  -145.495
1.16446E-01  -155.6472
1.16529E-01  -145.6124
1.16612E-01  -142.9286
1.16695E-01  -148.5864
1.16778E-01  -166.0752
1.16862E-01  -142.5673
1.16945E-01  -142.0002
1.17029E-01  -147.4271
1.17112E-01  -140.4591
1.17196E-01  -137.6881
1.1728E-01  -140.5929
1.17364E-01  -139.5475
1.17448E-01  -139.0752
1.17532E-01  -140.3923
1.17617E-01  -136.0853
1.17701E-01  -145.3759
1.17786E-01  -145.5801
1.17871E-01  -152.2533
1.17955E-01  -148.1663
1.1804E-01  -136.7731
1.18125E-01  -137.9708
1.18211E-01  -145.6183
1.18296E-01  -145.7148
1.18382E-01  -143.0674
1.18467E-01  -148.9444
1.18553E-01  -146.6009
1.18639E-01  -142.1275
1.18725E-01  -145.9442
1.18811E-01  -147.9034
1.18897E-01  -145.2861
1.18983E-01  -146.5059
1.1907E-01  -140.4769
1.19156E-01  -137.4445
1.19243E-01  -154.1821
1.1933E-01  -145.276
1.19417E-01  -154.4799
1.19504E-01  -149.9319
1.19591E-01  -145.6474
1.19679E-01  -149.1757
1.19766E-01  -156.3074
1.19854E-01  -147.1645
1.19941E-01  -140.3307
1.20029E-01  -142.7366
1.20117E-01  -146.9538
1.20205E-01  -141.6049
1.20294E-01  -142.6866
1.20382E-01  -140.5687
1.20471E-01  -138.0435
1.20559E-01  -139.8981
1.20648E-01  -141.9363
1.20737E-01  -142.1355
1.20826E-01  -146.9838
1.20915E-01  -141.1705
1.21004E-01  -139.348
1.21094E-01  -139.7829
1.21183E-01  -140.232
1.21273E-01  -162.0811
1.21363E-01  -146.0188
1.21453E-01  -144.2009
1.21543E-01  -143.4308
1.21633E-01  -135.672
1.21724E-01  -152.2513
1.21814E-01  -140.352
1.21905E-01  -142.2452
1.21996E-01  -138.4074
1.22086E-01  -143.3246
1.22177E-01  -142.0958
1.22269E-01  -144.5758
1.2236E-01  -143.9643
1.22451E-01  -147.5065
1.22543E-01  -141.7187
1.22635E-01  -143.2251
1.22727E-01  -157.2984
1.22819E-01  -150.8546
1.22911E-01  -149.3811
1.23003E-01  -140.2884
1.23095E-01  -141.7068
1.23188E-01  -140.4394
1.23281E-01  -139.7233
1.23373E-01  -147.7892
1.23466E-01  -146.466
1.2356E-01  -145.1309
1.23653E-01  -151.1179
1.23746E-01  -146.5073
1.2384E-01  -138.7982
1.23933E-01  -137.7432
1.24027E-01  -142.6658
1.24121E-01  -158.8796
1.24215E-01  -138.9032
1.2431E-01  -137.0902
1.24404E-01  -137.0043
1.24498E-01  -139.5831
1.24593E-01  -146.3406
1.24688E-01  -144.7857
1.24783E-01  -143.9749
1.24878E-01  -144.4078
1.24973E-01  -154.1253
1.25069E-01  -154.0733
1.25164E-01  -144.5864
1.2526E-01  -139.8286
1.25356E-01  -146.6175
1.25452E-01  -146.1599
1.25548E-01  -144.0598
1.25644E-01  -141.9033
1.25741E-01  -148.7933
1.25837E-01  -148.3779
1.25934E-01  -146.1075
1.26031E-01  -148.284
1.26128E-01  -146.267
1.26225E-01  -144.4482
1.26322E-01  -149.2949
1.2642E-01  -145.3822
1.26517E-01  -140.4153
1.26615E-01  -142.788
1.26713E-01  -140.0297
1.26811E-01  -148.0298
1.26909E-01  -158.9105
1.27008E-01  -145.7946
1.27106E-01  -143.9715
1.27205E-01  -142.311
1.27304E-01  -144.0853
1.27403E-01  -149.4164
1.27502E-01  -151.5743
1.27601E-01  -147.4032
1.27701E-01  -147.8379
1.278E-01  -154.2649
1.279E-01  -153.0928
1.28E-01  -147.62
1.281E-01  -140.5183
1.282E-01  -140.678
1.28301E-01  -139.0292
1.28401E-01  -138.5924
1.28502E-01  -140.481
1.28603E-01  -145.0538
1.28704E-01  -148.5136
1.28805E-01  -150.5146
1.28906E-01  -149.2464
1.29008E-01  -152.237
1.2911E-01  -148.3161
1.29211E-01  -140.8508
1.29313E-01  -139.7312
1.29415E-01  -141.3719
1.29518E-01  -145.4816
1.2962E-01  -146.6783
1.29723E-01  -148.4344
1.29826E-01  -144.533
1.29929E-01  -144.2092
1.30032E-01  -144.7123
1.30135E-01  -142.296
1.30238E-01  -155.8817
1.30342E-01  -152.2978
1.30446E-01  -145.5471
1.3055E-01  -145.0461
1.30654E-01  -157.6792
1.30758E-01  -150.534
1.30863E-01  -155.2084
1.30967E-01  -150.5183
1.31072E-01  -159.4534
1.31177E-01  -164.7382
1.31282E-01  -144.5439
1.31387E-01  -140.4971
1.31493E-01  -147.1898
1.31598E-01  -155.6453
1.31704E-01  -149.5538
1.3181E-01  -145.5441
1.31916E-01  -150.8308
1.32023E-01  -144.7367
1.32129E-01  -146.8573
1.32236E-01  -146.1468
1.32342E-01  -144.4783
1.32449E-01  -149.5848
1.32557E-01  -144.6038
1.32664E-01  -142.3383
1.32771E-01  -144.9877
1.32879E-01  -155.0649
1.32987E-01  -146.7393
1.33095E-01  -142.9961
1.33203E-01  -130.4664
1.33312E-01  -131.4406
1.3342E-01  -144.9538
1.33529E-01  -142.4947
1.33638E-01  -146.0206
1.33747E-01  -156.4981
1.33856E-01  -151.5778
1.33966E-01  -170.9209
1.34075E-01  -145.6147
1.34185E-01  -149.2552
1.34295E-01  -146.3604
1.34405E-01  -144.3138
1.34516E-01  -141.2105
1.34626E-01  -142.9199
1.34737E-01  -146.6641
1.34848E-01  -147.0982
1.34959E-01  -139.4129
1.3507E-01  -137.7041
1.35182E-01  -138.5076
1.35293E-01  -142.443
1.35405E-01  -142.3134
1.35517E-01  -140.7837
1.35629E-01  -154.4772
1.35742E-01  -140.5412
1.35854E-01  -155.3134
1.35967E-01  -150.4399
1.3608E-01  -138.8592
1.36193E-01  -140.6219
1.36306E-01  -160.0486
1.3642E-01  -141.0443
1.36533E-01  -139.6136
1.36647E-01  -142.4598
1.36761E-01  -143.4349
1.36876E-01  -145.1785
1.3699E-01  -151.2532
1.37105E-01  -141.3573
1.37219E-01  -146.1812
1.37334E-01  -157.1296
1.3745E-01  -147.7118
1.37565E-01  -142.6807
1.37681E-01  -142.9754
1.37796E-01  -146.4604
1.37912E-01  -142.1624
1.38029E-01  -146.4555
1.38145E-01  -151.1116
1.38262E-01  -146.7517
1.38378E-01  -143.5552
1.38495E-01  -153.7052
1.38613E-01  -139.3241
1.3873E-01  -146.8251
1.38847E-01  -146.5024
1.38965E-01  -151.4221
1.39083E-01  -151.7094
1.39201E-01  -142.3442
1.3932E-01  -146.7446
1.39438E-01  -150.6082
1.39557E-01  -145.3686
1.39676E-01  -150.751
1.39795E-01  -143.0287
1.39915E-01  -143.8775
1.40034E-01  -143.0658
1.40154E-01  -146.5715
1.40274E-01  -139.9079
1.40394E-01  -141.9777
1.40515E-01  -150.5666
1.40635E-01  -168.0458
1.40756E-01  -143.7459
1.40877E-01  -148.688
1.40998E-01  -153.4282
1.4112E-01  -147.7595
1.41241E-01  -156.6136
1.41363E-01  -148.0332
1.41485E-01  -144.4147
1.41608E-01  -146.2645
1.4173E-01  -143.73
1.41853E-01  -145.614
1.41976E-01  -163.9669
1.42099E-01  -144.607
1.42222E-01  -149.0326
1.42346E-01  -140.5969
1.4247E-01  -146.3118
1.42594E-01  -151.3571
1.42718E-01  -144.2702
1.42842E-01  -145.0649
1.42967E-01  -142.1533
1.43092E-01  -146.3206
1.43217E-01  -145.1853
1.43342E-01  -159.4314
1.43468E-01  -151.2538
1.43593E-01  -152.9943
1.43719E-01  -144.1066
1.43845E-01  -143.1773
1.43972E-01  -148.6951
1.44099E-01  -142.6675
1.44225E-01  -142.2378
1.44352E-01  -143.3033
1.4448E-01  -149.2604
1.44607E-01  -143.473
1.44735E-01  -146.1387
1.44863E-01  -141.2205
1.44991E-01  -145.9125
1.4512E-01  -153.7905
1.45248E-01  -153.3818
1.45377E-01  -151.7983
1.45506E-01  -145.5644
1.45636E-01  -159.5844
1.45765E-01  -141.4588
1.45895E-01  -141.1706
1.46025E-01  -153.7667
1.46155E-01  -146.7475
1.46286E-01  -150.4705
1.46416E-01  -165.2871
1.46547E-01  -144.7577
1.46679E-01  -144.2367
1.4681E-01  -155.9965
1.46942E-01  -149.8625
1.47074E-01  -156.8491
1.47206E-01  -149.4572
1.47338E-01  -148.558
1.47471E-01  -149.6471
1.47604E-01  -160.9258
1.47737E-01  -146.2045
1.4787E-01  -141.6253
1.48004E-01  -141.826
1.48137E-01  -142.7442
1.48271E-01  -147.9579
1.48406E-01  -153.6608
1.4854E-01  -168.2677
1.48675E-01  -149.0774
1.4881E-01  -141.6989
1.48945E-01  -145.3279
1.49081E-01  -153.5945
1.49217E-01  -146.5517
1.49353E-01  -140.4689
1.49489E-01  -141.6407
1.49626E-01  -151.9805
1.49762E-01  -150.8092
1.49899E-01  -143.8978
1.50037E-01  -138.7824
1.50174E-01  -141.9514
1.50312E-01  -144.8853
1.5045E-01  -141.9033
1.50588E-01  -142.2549
1.50727E-01  -156.8778
1.50866E-01  -155.669
1.51005E-01  -144.2283
1.51144E-01  -146.6174
1.51283E-01  -142.6816
1.51423E-01  -146.6327
1.51563E-01  -145.8882
1.51704E-01  -141.4114
1.51844E-01  -142.6155
1.51985E-01  -144.8201
1.52126E-01  -142.3349
1.52268E-01  -146.3045
1.52409E-01  -168.4071
1.52551E-01  -146.1482
1.52693E-01  -143.2091
1.52836E-01  -148.9938
1.52979E-01  -147.9607
1.53121E-01  -142.2432
1.53265E-01  -164.6617
1.53408E-01  -148.6577
1.53552E-01  -153.9459
1.53696E-01  -146.9713
1.5384E-01  -146.9626
1.53985E-01  -152.7519
1.5413E-01  -147.4707
1.54275E-01  -157.3943
1.5442E-01  -151.4315
1.54566E-01  -148.6409
1.54712E-01  -143.048
1.54858E-01  -146.8786
1.55005E-01  -155.0666
1.55152E-01  -148.5127
1.55299E-01  -147.4522
1.55446E-01  -141.1093
1.55594E-01  -143.1129
1.55741E-01  -141.5496
1.5589E-01  -145.0507
1.56038E-01  -143.4494
1.56187E-01  -148.1263
1.56336E-01  -144.0502
1.56485E-01  -141.1258
1.56635E-01  -146.1548
1.56785E-01  -146.0589
1.56935E-01  -146.277
1.57085E-01  -148.8048
1.57236E-01  -152.8249
1.57387E-01  -154.0496
1.57538E-01  -145.3936
1.5769E-01  -151.7812
1.57842E-01  -141.6755
1.57994E-01  -147.3601
1.58147E-01  -152.3194
1.583E-01  -154.6818
1.58453E-01  -149.2102
1.58606E-01  -162.1245
1.5876E-01  -142.3842
1.58914E-01  -144.6425
1.59068E-01  -155.6347
1.59223E-01  -144.639
1.59377E-01  -143.0496
1.59533E-01  -176.0869
1.59688E-01  -147.8988
1.59844E-01  -163.5743
1.6E-01  -146.5659
1.60156E-01  -145.5114
1.60313E-01  -147.3073
1.6047E-01  -147.2195
1.60627E-01  -152.3581
1.60785E-01  -144.7292
1.60943E-01  -143.5007
1.61101E-01  -150.5492
1.6126E-01  -152.5545
1.61419E-01  -155.7279
1.61578E-01  -143.1488
1.61737E-01  -146.6224
1.61897E-01  -144.727
1.62057E-01  -139.9044
1.62218E-01  -140.5252
1.62379E-01  -145.2346
1.6254E-01  -147.1762
1.62701E-01  -154.3899
1.62863E-01  -156.4323
1.63025E-01  -152.1753
1.63187E-01  -147.1692
1.6335E-01  -156.58
1.63513E-01  -141.1351
1.63676E-01  -146.0746
1.6384E-01  -145.7732
1.64004E-01  -145.5799
1.64168E-01  -152.2709
1.64333E-01  -141.0924
1.64498E-01  -140.5568
1.64663E-01  -144.2155
1.64829E-01  -140.2646
1.64995E-01  -143.8853
1.65161E-01  -149.5801
1.65328E-01  -145.4787
1.65495E-01  -141.4054
1.65662E-01  -155.409
1.6583E-01  -143.1464
1.65998E-01  -143.6788
1.66166E-01  -147.335
1.66335E-01  -142.0002
1.66504E-01  -148.1412
1.66673E-01  -146.5372
1.66843E-01  -141.8691
1.67013E-01  -143.2513
1.67184E-01  -150.8784
1.67354E-01  -140.2837
1.67526E-01  -140.8543
1.67697E-01  -152.1509
1.67869E-01  -143.8059
1.68041E-01  -143.1736
1.68214E-01  -150.9695
1.68386E-01  -140.9396
1.6856E-01  -151.0347
1.68733E-01  -145.4405
1.68907E-01  -147.3622
1.69082E-01  -143.9398
1.69256E-01  -146.6006
1.69431E-01  -141.2862
1.69607E-01  -145.6545
1.69782E-01  -139.3748
1.69959E-01  -149.4106
1.70135E-01  -149.8169
1.70312E-01  -146.029
1.70489E-01  -144.1699
1.70667E-01  -153.1353
1.70845E-01  -142.2568
1.71023E-01  -146.8603
1.71202E-01  -147.0237
1.71381E-01  -145.4893
1.7156E-01  -142.4934
1.7174E-01  -146.3461
1.7192E-01  -153.5733
1.72101E-01  -147.1307
1.72282E-01  -149.4103
1.72463E-01  -147.5685
1.72645E-01  -145.8863
1.72827E-01  -151.9826
1.7301E-01  -143.1356
1.73192E-01  -149.9786
1.73376E-01  -152.931
1.73559E-01  -144.0371
1.73743E-01  -145.2827
1.73928E-01  -162.1521
1.74113E-01  -150.6782
1.74298E-01  -144.1072
1.74483E-01  -159.0357
1.7467E-01  -145.4072
1.74856E-01  -146.5054
1.75043E-01  -141.9095
1.7523E-01  -160.6911
1.75418E-01  -143.2193
1.75606E-01  -159.4501
1.75794E-01  -141.0751
1.75983E-01  -143.5642
1.76172E-01  -148.5611
1.76362E-01  -142.9439
1.76552E-01  -146.7355
1.76742E-01  -142.7079
1.76933E-01  -144.1191
1.77124E-01  -143.2254
1.77316E-01  -147.9233
1.77508E-01  -143.3202
1.77701E-01  -141.4381
1.77894E-01  -142.9016
1.78087E-01  -144.0763
1.78281E-01  -144.1848
1.78475E-01  -142.0762
1.7867E-01  -136.998
1.78865E-01  -147.9137
1.7906E-01  -142.3933
1.79256E-01  -144.0423
1.79452E-01  -143.2116
1.79649E-01  -151.1463
1.79846E-01  -142.3616
1.80044E-01  -147.4345
1.80242E-01  -142.398
1.80441E-01  -138.8144
1.80639E-01  -145.8308
1.80839E-01  -144.2344
1.81039E-01  -142.8559
1.81239E-01  -150.13
1.8144E-01  -142.1553
1.81641E-01  -137.7423
1.81842E-01  -157.5394
1.82044E-01  -140.0573
1.82247E-01  -141.2826
1.8245E-01  -153.8416
1.82653E-01  -138.8581
1.82857E-01  -138.9463
1.83061E-01  -153.4269
1.83266E-01  -140.7384
1.83471E-01  -144.8026
1.83677E-01  -147.8299
1.83883E-01  -138.649
1.8409E-01  -142.4738
1.84297E-01  -142.9226
1.84505E-01  -135.8221
1.84713E-01  -140.308
1.84921E-01  -150.1156
1.8513E-01  -141.4814
1.85339E-01  -156.5032
1.85549E-01  -142.3617
1.8576E-01  -139.0821
1.8597E-01  -147.3465
1.86182E-01  -141.2823
1.86394E-01  -140.6615
1.86606E-01  -158.422
1.86819E-01  -142.4354
1.87032E-01  -146.1069
1.87246E-01  -148.1923
1.8746E-01  -143.7015
1.87675E-01  -143.2295
1.8789E-01  -145.9773
1.88106E-01  -143.0774
1.88322E-01  -150.8367
1.88539E-01  -141.0991
1.88756E-01  -142.2082
1.88973E-01  -143.3006
1.89192E-01  -153.0481
1.8941E-01  -144.3967
1.8963E-01  -147.853
1.89849E-01  -149.0019
1.9007E-01  -145.4244
1.9029E-01  -142.6457
1.90512E-01  -150.4886
1.90733E-01  -146.0239
1.90956E-01  -144.7204
1.91179E-01  -146.9938
1.91402E-01  -148.0427
1.91626E-01  -148.7685
1.9185E-01  -145.8581
1.92075E-01  -156.2959
1.923E-01  -144.9906
1.92526E-01  -146.0886
1.92753E-01  -147.3616
1.9298E-01  -144.9709
1.93208E-01  -152.1539
1.93436E-01  -144.0666
1.93664E-01  -147.622
1.93893E-01  -146.4988
1.94123E-01  -145.4275
1.94353E-01  -153.6749
1.94584E-01  -144.9829
1.94816E-01  -146.3682
1.95048E-01  -144.0539
1.9528E-01  -145.3628
1.95513E-01  -166.0274
1.95747E-01  -144.7554
1.95981E-01  -150.2285
1.96216E-01  -148.6755
1.96451E-01  -143.3854
1.96687E-01  -147.3138
1.96923E-01  -150.2913
1.9716E-01  -143.1136
1.97398E-01  -151.738
1.97636E-01  -146.7506
1.97874E-01  -143.7535
1.98114E-01  -150.5439
1.98354E-01  -144.0407
1.98594E-01  -152.716
1.98835E-01  -152.234
1.99077E-01  -145.7375
1.99319E-01  -144.1878
1.99562E-01  -154.7379
1.99805E-01  -144.894
2.00049E-01  -143.2231
2.00293E-01  -150.2244
2.00539E-01  -145.6113
2.00784E-01  -142.9865
2.01031E-01  -143.9823
2.01278E-01  -142.3861
2.01525E-01  -145.1227
2.01773E-01  -142.9957
2.02022E-01  -137.8133
2.02272E-01  -149.6551
2.02522E-01  -146.0576
2.02772E-01  -147.2638
2.03024E-01  -150.3949
2.03275E-01  -140.5861
2.03528E-01  -144.2958
2.03781E-01  -151.6312
2.04035E-01  -141.722
2.04289E-01  -144.1938
2.04544E-01  -160.2386
2.048E-01  -146.3283
2.05056E-01  -146.0489
2.05313E-01  -154.1631
2.05571E-01  -143.3423
2.05829E-01  -145.1531
2.06088E-01  -143.9385
2.06348E-01  -142.4807
2.06608E-01  -147.686
2.06869E-01  -140.8304
2.0713E-01  -136.1958
2.07392E-01  -141.2106
2.07655E-01  -144.1174
2.07919E-01  -138.7641
2.08183E-01  -150.5995
2.08448E-01  -140.8053
2.08713E-01  -141.1504
2.0898E-01  -149.2267
2.09246E-01  -140.3141
2.09514E-01  -143.6131
2.09782E-01  -151.7369
2.10051E-01  -143.7276
2.10321E-01  -159.7391
2.10591E-01  -143.4614
2.10862E-01  -142.3812
2.11134E-01  -141.1031
2.11406E-01  -149.8606
2.1168E-01  -147.6347
2.11953E-01  -145.5579
2.12228E-01  -144.7016
2.12503E-01  -140.2533
2.12779E-01  -161.0401
2.13056E-01  -144.5045
2.13333E-01  -143.2928
2.13611E-01  -148.3497
2.1389E-01  -144.7858
2.1417E-01  -143.1228
2.1445E-01  -159.1925
2.14731E-01  -143.6746
2.15013E-01  -154.2327
2.15296E-01  -155.473
2.15579E-01  -140.1401
2.15863E-01  -144.0153
2.16148E-01  -146.5384
2.16433E-01  -144.9387
2.1672E-01  -143.6029
2.17007E-01  -146.3303
2.17294E-01  -146.4044
2.17583E-01  -142.0201
2.17872E-01  -141.5872
2.18162E-01  -142.6499
2.18453E-01  -140.3052
2.18745E-01  -146.3418
2.19037E-01  -138.5636
2.19331E-01  -146.4945
2.19625E-01  -143.7812
2.19919E-01  -135.6089
2.20215E-01  -146.748
2.20511E-01  -147.6869
2.20809E-01  -137.2536
2.21107E-01  -147.9652
2.21405E-01  -138.8484
2.21705E-01  -140.1163
2.22005E-01  -154.9948
2.22307E-01  -135.8018
2.22609E-01  -138.3361
2.22912E-01  -143.6284
2.23215E-01  -137.6692
2.2352E-01  -139.8919
2.23825E-01  -140.6601
2.24131E-01  -138.8094
2.24438E-01  -138.37
2.24746E-01  -143.8914
2.25055E-01  -139.6108
2.25365E-01  -137.6402
2.25675E-01  -141.9545
2.25986E-01  -137.2728
2.26298E-01  -136.5167
2.26611E-01  -139.199
2.26925E-01  -139.3659
2.2724E-01  -136.4012
2.27556E-01  -138.8777
2.27872E-01  -139.2626
2.28189E-01  -137.4939
2.28508E-01  -141.5124
2.28827E-01  -136.9029
2.29147E-01  -137.6922
2.29468E-01  -141.5555
2.2979E-01  -136.6353
2.30112E-01  -135.8181
2.30436E-01  -143.3497
2.30761E-01  -135.6573
2.31086E-01  -137.5173
2.31412E-01  -141.1661
2.3174E-01  -136.7981
2.32068E-01  -135.7621
2.32397E-01  -141.6791
2.32727E-01  -136.5461
2.33058E-01  -137.8718
2.3339E-01  -139.7163
2.33723E-01  -137.6238
2.34057E-01  -137.7926
2.34392E-01  -141.3935
2.34728E-01  -134.0726
2.35065E-01  -141.329
2.35402E-01  -143.0661
2.35741E-01  -136.9179
2.36081E-01  -144.7534
2.36421E-01  -140.7695
2.36763E-01  -137.2133
2.37106E-01  -146.9458
2.37449E-01  -140.3447
2.37794E-01  -139.1762
2.3814E-01  -144.1574
2.38486E-01  -140.6659
2.38834E-01  -138.8533
2.39182E-01  -144.6484
2.39532E-01  -141.7872
2.39883E-01  -139.7607
2.40235E-01  -151.5586
2.40587E-01  -139.514
2.40941E-01  -137.8678
2.41296E-01  -154.4364
2.41652E-01  -139.3244
2.42009E-01  -138.9075
2.42367E-01  -153.9634
2.42726E-01  -138.9335
2.43086E-01  -144.3937
2.43447E-01  -146.9506
2.4381E-01  -140.4024
2.44173E-01  -146.7806
2.44537E-01  -145.8363
2.44903E-01  -141.0342
2.45269E-01  -144.3901
2.45637E-01  -143.736
2.46006E-01  -139.8289
2.46376E-01  -142.6903
2.46747E-01  -145.0501
2.47119E-01  -143.2661
2.47492E-01  -145.7995
2.47867E-01  -142.1761
2.48242E-01  -138.799
2.48619E-01  -147.0681
2.48997E-01  -148.2185
2.49376E-01  -141.3153
2.49756E-01  -146.9192
2.50137E-01  -142.698
2.5052E-01  -143.1929
2.50904E-01  -145.1372
2.51288E-01  -141.8867
2.51674E-01  -142.9079
2.52062E-01  -152.7546
2.5245E-01  -139.4071
2.5284E-01  -140.223
2.5323E-01  -158.9176
2.53622E-01  -143.7801
2.54016E-01  -141.9272
2.5441E-01  -149.2583
2.54806E-01  -143.4846
2.55202E-01  -143.4844
2.55601E-01  -146.031
2.56E-01  -141.767
2.56401E-01  -144.3823
2.56803E-01  -149.1177
2.57206E-01  -141.5161
2.5761E-01  -152.4728
2.58016E-01  -143.6293
2.58423E-01  -141.2191
2.58831E-01  -144.2018
2.59241E-01  -142.7633
2.59651E-01  -146.746
2.60063E-01  -140.9386
2.60477E-01  -141.0465
2.60892E-01  -155.2736
2.61308E-01  -140.0616
2.61725E-01  -144.3869
2.62144E-01  -143.4959
2.62564E-01  -143.1799
2.62986E-01  -144.1266
2.63408E-01  -139.8562
2.63833E-01  -146.8841
2.64258E-01  -143.2698
2.64685E-01  -141.384
2.65113E-01  -143.8154
2.65543E-01  -138.5647
2.65974E-01  -143.1925
2.66407E-01  -143.1259
2.6684E-01  -139.6912
2.67276E-01  -144.6614
2.67712E-01  -144.7447
2.68151E-01  -142.2596
2.6859E-01  -141.8852
2.69031E-01  -141.8363
2.69474E-01  -140.0479
2.69918E-01  -141.6086
2.70363E-01  -141.4778
2.7081E-01  -142.8985
2.71258E-01  -139.3341
2.71708E-01  -138.3085
2.72159E-01  -139.6415
2.72612E-01  -143.865
2.73067E-01  -142.5763
2.73523E-01  -140.4651
2.7398E-01  -144.8241
2.74439E-01  -141.0092
2.74899E-01  -143.8441
2.75361E-01  -143.0542
2.75825E-01  -142.0305
2.7629E-01  -142.2948
2.76757E-01  -142.6259
2.77225E-01  -138.2933
2.77695E-01  -146.9472
2.78166E-01  -140.3386
2.78639E-01  -143.2388
2.79114E-01  -143.0582
2.7959E-01  -143.0666
2.80068E-01  -140.846
2.80548E-01  -148.3133
2.81029E-01  -139.2566
2.81512E-01  -138.8698
2.81997E-01  -153.3171
2.82483E-01  -141.6484
2.82971E-01  -139.5953
2.8346E-01  -158.1624
2.83951E-01  -141.144
2.84444E-01  -140.3736
2.84939E-01  -147.23
2.85436E-01  -137.8607
2.85934E-01  -138.3958
2.86434E-01  -144.6177
2.86935E-01  -136.3631
2.87439E-01  -139.8893
2.87944E-01  -150.2512
2.88451E-01  -136.6706
2.88959E-01  -142.3872
2.8947E-01  -140.8741
2.89982E-01  -136.208
2.90496E-01  -143.3842
2.91012E-01  -142.3364
2.9153E-01  -139.6955
2.9205E-01  -144.643
2.92571E-01  -139.7716
2.93095E-01  -139.5419
2.9362E-01  -169.5233
2.94147E-01  -137.9014
2.94676E-01  -137.3321
2.95207E-01  -157.8051
2.9574E-01  -141.2598
2.96275E-01  -139.1969
2.96812E-01  -156.6837
2.9735E-01  -142.5608
2.97891E-01  -141.6749
2.98434E-01  -153.8371
2.98978E-01  -142.9549
2.99525E-01  -144.623
3.00073E-01  -156.4439
3.00624E-01  -142.1955
3.01176E-01  -142.9814
3.01731E-01  -149.4164
3.02288E-01  -143.2244
3.02847E-01  -144.2252
3.03407E-01  -158.6014
3.0397E-01  -145.392
3.04535E-01  -142.3328
3.05102E-01  -153.6278
3.05672E-01  -144.4871
3.06243E-01  -140.7757
3.06816E-01  -147.054
3.07392E-01  -147.428
3.0797E-01  -142.8347
3.0855E-01  -147.5016
3.09132E-01  -142.9078
3.09716E-01  -144.5601
3.10303E-01  -147.4727
3.10892E-01  -147.1732
3.11483E-01  -148.4261
3.12076E-01  -149.5679
3.12672E-01  -146.8783
3.1327E-01  -147.6168
3.1387E-01  -141.0935
3.14472E-01  -139.5255
3.15077E-01  -143.5616
3.15684E-01  -141.4358
3.16293E-01  -139.185
3.16905E-01  -147.1565
3.17519E-01  -142.6136
3.18136E-01  -139.1826
3.18755E-01  -141.6277
3.19376E-01  -139.2395
3.2E-01  -139.8399
3.20626E-01  -145.9247
3.21255E-01  -140.4336
3.21886E-01  -143.4495
3.2252E-01  -148.2312
3.23156E-01  -140.6315
3.23794E-01  -143.2807
3.24436E-01  -151.5845
3.25079E-01  -140.0303
3.25726E-01  -139.8516
3.26375E-01  -149.9163
3.27026E-01  -147.3804
3.2768E-01  -149.5919
3.28337E-01  -152.394
3.28996E-01  -143.1389
3.29658E-01  -142.0024
3.30323E-01  -153.4025
3.3099E-01  -143.5505
3.3166E-01  -142.0325
3.32333E-01  -144.6424
3.33008E-01  -139.3178
3.33686E-01  -143.1565
3.34367E-01  -147.4849
3.35051E-01  -141.2254
3.35738E-01  -150.784
3.36427E-01  -152.0286
3.37119E-01  -144.4305
3.37814E-01  -153.0082
3.38512E-01  -155.5177
3.39213E-01  -142.1657
3.39917E-01  -146.8217
3.40624E-01  -147.1786
3.41333E-01  -146.2004
3.42046E-01  -147.1679
3.42762E-01  -146.8377
3.4348E-01  -142.4986
3.44202E-01  -150.9237
3.44926E-01  -143.4708
3.45654E-01  -145.0471
3.46385E-01  -157.2766
3.47119E-01  -143.339
3.47856E-01  -144.2657
3.48596E-01  -154.52
3.49339E-01  -144.6628
3.50085E-01  -142.3376
3.50835E-01  -153.2187
3.51588E-01  -145.8608
3.52344E-01  -145.5619
3.53103E-01  -153.4845
3.53866E-01  -146.048
3.54632E-01  -168.4847
3.55401E-01  -150.8004
3.56174E-01  -143.7416
3.5695E-01  -154.3655
3.57729E-01  -153.4065
3.58512E-01  -142.3608
3.59298E-01  -148.5087
3.60088E-01  -158.1224
3.60881E-01  -143.5333
3.61678E-01  -150.7521
3.62478E-01  -144.8077
3.63282E-01  -155.2024
3.64089E-01  -148.2798
3.649E-01  -152.7465
3.65714E-01  -164.1381
3.66532E-01  -150.933
3.67354E-01  -149.1252
3.6818E-01  -158.8574
3.69009E-01  -147.7845
3.69842E-01  -157.9042
3.70679E-01  -149.2304
3.71519E-01  -157.6005
3.72364E-01  -154.2823
3.73212E-01  -149.35
3.74064E-01  -159.9146
3.7492E-01  -161.3208
3.7578E-01  -146.9674
3.76644E-01  -149.5914
3.77512E-01  -149.2315
3.78383E-01  -167.8022
3.79259E-01  -154.244
3.80139E-01  -156.423
3.81023E-01  -156.9507
3.81911E-01  -154.4553
3.82804E-01  -146.6423
3.837E-01  -157.2306
3.84601E-01  -152.5184
3.85506E-01  -156.1167
3.86415E-01  -154.2042
3.87329E-01  -149.0909
3.88246E-01  -144.1437
3.89169E-01  -144.7744
3.90095E-01  -146.3414
3.91026E-01  -145.5895
3.91962E-01  -147.6634
3.92902E-01  -152.181
3.93846E-01  -148.1162
3.94795E-01  -157.6207
3.95749E-01  -166.889
3.96707E-01  -153.0132
3.9767E-01  -149.8729
3.98637E-01  -153.6236
3.9961E-01  -152.6757
4.00587E-01  -147.4768
4.01569E-01  -150.4149
4.02555E-01  -164.831
4.03547E-01  -156.7006
4.04543E-01  -159.2622
4.05545E-01  -148.8723
4.06551E-01  -165.7056
4.07562E-01  -149.0328
4.08579E-01  -153.6609
4.096E-01  -158.3275
4.10627E-01  -149.6778
4.11658E-01  -148.333
4.12695E-01  -161.7625
4.13737E-01  -152.6802
4.14785E-01  -146.2002
4.15838E-01  -151.5842
4.16896E-01  -150.4798
4.17959E-01  -148.8038
4.19028E-01  -147.4097
4.20103E-01  -146.4925
4.21183E-01  -154.9984
4.22268E-01  -159.0209
4.23359E-01  -155.2521
4.24456E-01  -146.8
4.25558E-01  -152.7468
4.26667E-01  -144.8114
4.27781E-01  -157.4171
4.28901E-01  -160.9301
4.30026E-01  -148.6877
4.31158E-01  -158.0081
4.32296E-01  -154.1378
4.33439E-01  -144.2849
4.34589E-01  -145.3761
4.35745E-01  -158.8235
4.36907E-01  -145.3488
4.38075E-01  -144.3476
4.39249E-01  -153.7149
4.4043E-01  -148.4845
4.41617E-01  -151.798
4.42811E-01  -151.5003
4.44011E-01  -145.6042
4.45217E-01  -152.0519
4.46431E-01  -158.3358
4.4765E-01  -144.6994
4.48877E-01  -151.8324
4.5011E-01  -149.6267
4.5135E-01  -145.4589
4.52597E-01  -150.1056
4.5385E-01  -153.9943
4.55111E-01  -146.108
4.56379E-01  -152.6633
4.57654E-01  -145.3113
4.58936E-01  -161.1343
4.60225E-01  -144.343
4.61521E-01  -149.3556
4.62825E-01  -142.6729
4.64136E-01  -159.1009
4.65455E-01  -162.5131
4.66781E-01  -146.137
4.68114E-01  -149.5572
4.69456E-01  -147.0705
4.70805E-01  -146.3566
4.72161E-01  -153.7795
4.73526E-01  -144.8052
4.74899E-01  -151.3141
4.76279E-01  -154.2293
4.77668E-01  -160.9436
4.79064E-01  -152.0993
4.80469E-01  -160.1197
4.81882E-01  -144.1338
4.83304E-01  -142.4866
4.84734E-01  -158.4084
4.86172E-01  -147.2424
4.87619E-01  -140.869
4.89075E-01  -153.52
4.90539E-01  -153.2143
4.92012E-01  -147.8534
4.93494E-01  -150.3588
4.94985E-01  -146.7333
4.96485E-01  -147.0872
4.97994E-01  -152.9409
4.99512E-01  -144.0414
5.0104E-01  -146.1537
5.02577E-01  -154.2132
5.04123E-01  -146.9669
5.05679E-01  -147.0325
5.07245E-01  -153.7471
5.0882E-01  -144.9451
5.10405E-01  -148.9211
5.12E-01  -144.5701
5.13605E-01  -148.2951
5.1522E-01  -145.1176
5.16845E-01  -170.8024
5.18481E-01  -144.6799
5.20127E-01  -153.2204
5.21783E-01  -158.7876
5.2345E-01  -142.8084
5.25128E-01  -153.4325
5.26817E-01  -142.2863
5.28516E-01  -144.6448
5.30227E-01  -155.056
5.31948E-01  -146.0725
5.33681E-01  -159.3706
5.35425E-01  -154.1133
5.3718E-01  -152.4907
5.38947E-01  -151.0066
5.40726E-01  -144.2564
5.42517E-01  -149.7514
5.44319E-01  -147.6775
5.46133E-01  -146.139
5.4796E-01  -147.4565
5.49799E-01  -145.5107
5.5165E-01  -152.3135
5.53514E-01  -148.2274
5.5539E-01  -150.8813
5.57279E-01  -149.519
5.59181E-01  -149.1076
5.61096E-01  -154.2382
5.63024E-01  -151.3145
5.64966E-01  -145.8635
5.6692E-01  -147.7236
5.68889E-01  -152.7887
5.70871E-01  -157.5593
5.72867E-01  -148.6633
5.74877E-01  -151.3736
5.76901E-01  -151.9049
5.7894E-01  -146.1294
5.80993E-01  -151.5461
5.8306E-01  -155.8326
5.85143E-01  -155.1338
5.8724E-01  -152.8627
5.89353E-01  -147.2729
5.9148E-01  -147.5038
5.93623E-01  -145.9528
5.95782E-01  -150.4465
5.97956E-01  -156.3339
6.00147E-01  -144.1275
6.02353E-01  -146.7475
6.04576E-01  -152.0701
6.06815E-01  -150.905
6.09071E-01  -148.1736
6.11343E-01  -150.4805
6.13633E-01  -148.9136
6.1594E-01  -148.5726
6.18264E-01  -139.2524
6.20606E-01  -139.0321
6.22966E-01  -144.6429
6.25344E-01  -145.5211
6.27739E-01  -147.2174
6.30154E-01  -149.3304
6.32587E-01  -143.4688
6.35039E-01  -141.6271
6.3751E-01  -148.6847
6.4E-01  -149.3596
6.4251E-01  -144.9982
6.45039E-01  -147.076
6.47589E-01  -144.7085
6.50159E-01  -149.9305
6.52749E-01  -147.0848
6.5536E-01  -145.5638
6.57992E-01  -144.552
6.60645E-01  -145.6004
6.6332E-01  -152.3671
6.66016E-01  -148.2339
6.68735E-01  -141.633
6.71475E-01  -143.5619
6.74239E-01  -157.8214
6.77025E-01  -159.7737
6.79834E-01  -147.3094
6.82667E-01  -146.8997
6.85523E-01  -141.4871
6.88403E-01  -141.3744
6.91308E-01  -147.148
6.94237E-01  -149.8537
6.97191E-01  -153.3862
7.00171E-01  -156.3418
7.03176E-01  -144.6672
7.06207E-01  -141.983
7.09264E-01  -143.8496
7.12348E-01  -144.2546
7.15459E-01  -148.61
7.18596E-01  -149.251
7.21762E-01  -144.3963
7.24956E-01  -144.7973
7.28178E-01  -144.5134
7.31429E-01  -140.6869
7.34709E-01  -141.8085
7.38018E-01  -142.2902
7.41357E-01  -146.0843
7.44727E-01  -157.0543
7.48128E-01  -143.7912
7.5156E-01  -144.6366
7.55023E-01  -149.8559
7.58519E-01  -155.2836
7.62047E-01  -146.2126
7.65607E-01  -146.3458
7.69202E-01  -158.6474
7.7283E-01  -148.024
7.76493E-01  -155.985
7.8019E-01  -150.8028
7.83923E-01  -160.5965
7.87692E-01  -146.4114
7.91498E-01  -148.4454
7.9534E-01  -148.0967
7.9922E-01  -145.2879
8.03137E-01  -147.6603
8.07094E-01  -161.4965
8.11089E-01  -155.669
8.15124E-01  -149.6067
8.192E-01  -146.8208
8.23317E-01  -145.1271
8.27475E-01  -145.4016
8.31675E-01  -149.1652
8.35918E-01  -163.7716
8.40205E-01  -154.6143
8.44536E-01  -146.9432
8.48912E-01  -155.3347
8.53333E-01  -146.4569
8.57801E-01  -157.1658
8.62316E-01  -152.9921
8.66878E-01  -148.3689
8.71489E-01  -144.2007
8.7615E-01  -146.3701
8.8086E-01  -148.3861
8.85622E-01  -148.4538
8.90435E-01  -156.5773
8.95301E-01  -152.1793
9.0022E-01  -147.9325
9.05193E-01  -153.7008
9.10222E-01  -156.6234
9.15307E-01  -155.1462
9.20449E-01  -150.4663
9.2565E-01  -150.8196
9.30909E-01  -167.2977
9.36229E-01  -145.0578
9.41609E-01  -143.0837
9.47052E-01  -147.2443
9.52558E-01  -153.4849
9.58129E-01  -150.5035
9.63765E-01  -156.0422
9.69467E-01  -151.6385
9.75238E-01  -155.1998
9.81078E-01  -167.8526
9.86988E-01  -148.4974
9.9297E-01  -145.7808
9.99024E-01  -153.33
1.00515E00  -150.8552
1.01136E00  -145.8731
1.01764E00  -147.1686
1.024E00  -161.2451
1.03044E00  -143.8886
1.03696E00  -141.0063
1.04357E00  -144.3028
1.05026E00  -148.11
1.05703E00  -145.7821
1.0639E00  -153.3752
1.07085E00  -155.2945
1.07789E00  -147.9436
1.08503E00  -155.3379
1.09227E00  -168.1187
1.0996E00  -147.8416
1.10703E00  -143.1219
1.11456E00  -148.1266
1.12219E00  -141.7189
1.12993E00  -143.0919
1.13778E00  -148.2085
1.14573E00  -148.259
1.1538E00  -147.6544
1.16199E00  -143.4403
1.17029E00  -141.7241
1.17871E00  -146.5425
1.18725E00  -144.2059
1.19591E00  -157.1178
1.20471E00  -146.1429
1.21363E00  -148.3667
1.22269E00  -147.5057
1.23188E00  -152.5407
1.24121E00  -147.2162
1.25069E00  -145.302
1.26031E00  -141.3701
1.27008E00  -139.6671
1.28E00  -152.2493
1.29008E00  -143.9663
1.30032E00  -140.2607
1.31072E00  -141.1431
1.32129E00  -145.9049
1.33203E00  -149.4442
1.34295E00  -159.9449
1.35405E00  -142.4533
1.36533E00  -138.4722
1.37681E00  -139.872
1.38847E00  -141.6518
1.40034E00  -152.7357
1.41241E00  -142.3716
1.4247E00  -137.2529
1.43719E00  -138.6148
1.44991E00  -140.8721
1.46286E00  -141.3949
1.47604E00  -137.7431
1.48945E00  -138.962
1.50312E00  -138.6928
1.51704E00  -140.4896
1.53121E00  -140.2479
1.54566E00  -136.8553
1.56038E00  -137.0233
1.57538E00  -138.2335
1.59068E00  -132.1003
1.60627E00  -130.1734
1.62218E00  -130.7164
1.6384E00  -133.3479
1.65495E00  -157.7309
1.67184E00  -135.6455
1.68907E00  -141.5571
1.70667E00  -149.1548
1.72463E00  -147.9331
1.74298E00  -137.5054
1.76172E00  -137.4256
1.78087E00  -140.135
1.80044E00  -138.8777
1.82044E00  -140.7301
1.8409E00  -138.5653
1.86182E00  -138.5325
1.88322E00  -139.8751
1.90512E00  -137.9398
1.92753E00  -138.0982
1.95048E00  -135.1421
1.97398E00  -132.3843
1.99805E00  -133.5606
2.02272E00  -140.7894
2.048E00  -135.2027
2.07392E00  -132.5774
2.10051E00  -132.8969
2.12779E00  -134.6243
2.15579E00  -154.1097
2.18453E00  -129.3164
2.21405E00  -131.3542
2.24438E00  -139.5336
2.27556E00  -135.1303
2.30761E00  -140.3231
2.34057E00  -131.5781
2.37449E00  -130.1619
2.40941E00  -134.4166
2.44537E00  -132.564
2.48242E00  -131.5188
2.52062E00  -127.1625
2.56E00  -126.652
2.60063E00  -126.5699
2.64258E00  -136.6927
2.6859E00  -130.1771
2.73067E00  -126.9298
2.77695E00  -129.1143
2.82483E00  -131.8483
2.87439E00  -134.7133
2.92571E00  -127.3239
2.97891E00  -126.6027
3.03407E00  -127.3593
3.09132E00  -134.1495
3.15077E00  -133.8351
3.21255E00  -137.6974
3.2768E00  -135.7806
3.34367E00  -134.7394
3.41333E00  -122.9163
3.48596E00  -128.5906
3.56174E00  -125.3947
3.64089E00  -127.4046
3.72364E00  -123.1581
3.81023E00  -120.2651
3.90095E00  -117.9328
3.9961E00  -121.5247
4.096E00  -128.7128
4.20103E00  -130.2373
4.31158E00  -128.2176
4.42811E00  -121.8248
4.55111E00  -117.819
4.68114E00  -119.8406
4.81882E00  -126.1475
4.96485E00  -130.0727
5.12E00  -121.964
5.28516E00  -113.3518
5.46133E00  -115.4199
5.64966E00  -120.9542
5.85143E00  -132.0608
6.06815E00  -127.8237
6.30154E00  -126.9775
6.5536E00  -124.7784
6.82667E00  -120.6081
7.12348E00  -120.3236
7.44727E00  -122.3492
7.8019E00  -118.3018
8.192E00  -119.2794
8.62316E00  -134.5889
9.10222E00  -132.3323
9.63765E00  -146.0958
1.024E01  -140.0036
1.09227E01  -149.7554
1.17029E01  -142.2405
1.26031E01  -139.165
1.36533E01  -141.3406
1.48945E01  -142.7016
1.6384E01  -139.153
1.82044E01  -139.8269
2.048E01  -136.1612
2.34057E01  -136.2802
2.73067E01  -138.0257
3.2768E01  -142.5609
4.096E01  -133.7474
5.46133E01  -132.1225
8.192E01  -132.8377
1.6384E02  -135.3834
