4.03150E-02  -90.214
4.06349E-02  -97.4518
4.09600E-02  -97.0788
4.12903E-02  -100.6204
4.16260E-02  -103.649
4.19672E-02  -105.2491
4.23140E-02  -117.5146
4.26667E-02  -103.6444
4.30252E-02  -127.7568
4.33898E-02  -141.3891
4.37607E-02  -133.9339
4.41379E-02  -138.5305
4.45217E-02  -142.6088
4.49123E-02  -146.449
4.53097E-02  -138.3767
4.57143E-02  -138.7549
4.61261E-02  -143.2101
4.65455E-02  -134.3066
4.69725E-02  -130.9386
4.74074E-02  -135.3667
4.78505E-02  -135.2862
4.83019E-02  -136.3719
4.87619E-02  -136.7122
4.92308E-02  -137.3485
4.97087E-02  -144.6435
5.01961E-02  -142.7713
5.06931E-02  -144.7991
5.12000E-02  -149.654
5.17172E-02  -142.3056
5.22449E-02  -137.1122
5.27835E-02  -137.4794
5.33333E-02  -143.4987
5.38947E-02  -146.1376
5.44681E-02  -145.545
5.50538E-02  -144.9899
5.56522E-02  -137.173
5.62637E-02  -137.7716
5.68889E-02  -148.2935
5.75281E-02  -141.5563
5.81818E-02  -132.1317
5.88506E-02  -129.677
5.95349E-02  -129.0971
6.02353E-02  -129.6346
6.09524E-02  -133.2064
6.16867E-02  -135.4094
6.24390E-02  -130.7989
6.32099E-02  -129.9279
6.40000E-02  -133.5531
6.48101E-02  -135.7874
6.56410E-02  -124.832
6.64935E-02  -119.3301
6.73684E-02  -123.2382
6.82667E-02  -131.047
6.91892E-02  -127.8251
7.01370E-02  -127.7388
7.11111E-02  -129.9886
7.21127E-02  -133.5079
7.31429E-02  -139.303
7.42029E-02  -134.0848
7.52941E-02  -135.7665
7.64179E-02  -142.4577
7.75758E-02  -139.8063
7.87692E-02  -134.0023
8.00000E-02  -131.1699
8.12698E-02  -131.1694
8.25806E-02  -133.6389
8.39344E-02  -150.7722
8.53333E-02  -132.2865
8.67797E-02  -127.6685
8.82759E-02  -128.5867
8.98246E-02  -129.8023
9.14286E-02  -125.5529
9.30909E-02  -122.7298
9.48148E-02  -124.5022
9.66038E-02  -128.3206
9.84615E-02  -127.538
1.00392E-01  -125.6445
1.02400E-01  -125.3695
1.04490E-01  -124.8548
1.06667E-01  -124.6296
1.08936E-01  -120.1317
1.11304E-01  -115.3306
1.13778E-01  -112.7364
1.16364E-01  -112.5197
1.19070E-01  -113.3192
1.21905E-01  -113.1331
1.24878E-01  -111.5086
1.28000E-01  -110.1627
1.31282E-01  -110.2458
1.34737E-01  -111.0575
1.38378E-01  -111.3721
1.42222E-01  -112.6043
1.46286E-01  -115.2025
1.50588E-01  -119.1289
1.55152E-01  -123.8306
1.60000E-01  -132.0718
1.65161E-01  -138.359
1.70667E-01  -131.7841
1.76552E-01  -127.0303
1.82857E-01  -126.9561
1.89630E-01  -134.3587
1.96923E-01  -132.3331
2.04800E-01  -126.518
2.13333E-01  -116.7928
2.22609E-01  -112.7148
2.32727E-01  -111.9504
2.43810E-01  -111.5953
2.56000E-01  -110.2617
2.69474E-01  -108.3806
2.84444E-01  -106.1284
3.01176E-01  -105.8144
3.20000E-01  -108.1302
3.41333E-01  -111.4404
3.65714E-01  -114.328
3.93846E-01  -117.7387
4.26667E-01  -121.0987
4.65455E-01  -122.4749
5.12000E-01  -119.0129
5.68889E-01  -117.021
6.40000E-01  -119.7295
7.31429E-01  -125.9181
8.53333E-01  -134.2104
1.02400E00  -147.4064
1.28000E00  -148.2792
1.70667E00  -133.1614
2.56000E00  -122.1288
5.12000E00  -124.8395
